100
1 6334
1 19169
1 11478
1 26962
1 5705
8 16827
6 2995
1 4827
1 32391
1 3902
8 17421
6 19718
6 5447
1 11538
7 19912
9 4
8 9894
3
7 31322
4
7 4664
4
8 28253
2 5705
6 32662
7 20037
8 8723
4
8 778
5
3
6 1842
2 3902
5
6 23805
6 6729
8 15350
4
7 24393
3
1 24084
2 19169
6 4966
6 13931
2 3902
4
3
2 26962
2 24084
4
7 16541
1 4639
4
7 9930
1 31673
4
9 3
6 19072
7 5829
3
4
7 23986
7 9161
7 22355
9 6
5
9 8
9 7
4
8 13966
2 11538
8 11337
5
3
7 10383
6 8909
8 9758
3
4
6 24946
3
8 16413
9 10
3
7 1655
5
6 27624
9 11
4
2 32391
6 10291
3
6 11020
7 24021
7 23199
4
5
2 4639
2 4639
7 3788
