10000
1 6334
1 1176019169
1 1041690153
8 1010319894
4
3
8 1124570778
4
1 1033089629
2 1033089629
1 1097732929
1 1043525829
1 1232337350
9 2
1 1150394221
1 1174676483
1 1119918281
2 1119918281
1 1237868935
1 1148509503
1 1116328538
1 1055282646
3
1 1043817892
1 1053641426
1 1118451425
5
1 1017332949
6 1161820671
1 1031053646
1 1221639510
1 1006854372
7 1038091543
1 1072401286
1 1047458896
1 1018722593
1 1204720227
1 1129166902
1 1033791763
1 1188836477
2 1129166902
1 1264288823
4
3
1 1087224229
6 1118562223
4
9 14
1 1080405556
1 1067412678
7 1028976488
2 1080405556
5
8 1035219292
3
8 1054868213
7 1226212604
1 1141875205
1 1134508519
1 1044725087
1 1029242943
1 1127455620
1 1062869923
2 1148509503
1 1132183342
8 1187569812
1 1004771131
1 1139940148
1 1049911903
1 1020316923
1 1128402685
1 1052864700
1 1082268380
1 1053708689
3
2 1127455620
1 1284482598
1 1178221340
1 1099564806
1 1198663556
1 1245674722
1 1224366633
1 1230657278
1 1016733851
1 1057338714
6 1020732549
1 1010798164
1 1078229876
1 1200833509
1 1204010422
5
1 1225950195
1 1229375945
3
1 1122152018
1 1183021991
1 1145255128
1 1114822830
1 1015507926
1 1164781881
9 16
1 1146068360
3
4
3
6 1079811794
4
2 1145255128
4
5
3
1 1015919990
2 1141875205
1 1227525834
8 1206620073
7 1156278503
7 1021495452
8 1143558882
8 1000902678
4
8 1138795651
4
7 1091680236
4
2 1122152018
7 1072792445
5
6 1076288522
2 1227525834
4
3
1 1010763455
4
9 69
3
5
9 44
2 1127455620
3
9 3
4
1 1156861774
2 1128402685
6 1058334961
4
8 1030618247
2 1284482598
6 1110506697
2 1004771131
3
6 1256659199
5
9 14
5
1 1064087604
7 1133970493
7 1063334868
8 1132544365
3
1 1069231202
6 1196742955
4
6 1076669248
8 1000089105
4
5
3
7 1068118864
6 1114029271
7 1024307196
9 49
9 56
8 1022928838
2 1055282646
8 1020980363
9 36
2 1057338714
1 1034672707
7 1141478223
8 1018531630
8 1266116741
1 1118860556
6 1220203591
1 1124525826
4
7 1100084637
6 1278132663
5
4
5
2 1148509503
8 1051089099
9 63
5
8 1187120591
6 1011830103
2 1031053646
4
5
1 1268805568
3
9 44
7 1113051913
9 7
2 1049911903
8 1004959149
2 1031053646
1 1035204522
9 71
6 1055892179
3
4
3
6 1219216081
5
7 1176816177
7 1164608290
9 60
9 14
2 1118860556
5
7 1047610175
9 59
6 1066590614
2 1055282646
8 1051432255
3
2 1020316923
3
7 1005230931
7 1174889385
5
7 1006713930
3
5
3
9 47
2 1284482598
7 1214906840
4
6 1235098128
4
6 1199940778
5
1 1155487282
2 1080405556
9 35
2 1127455620
2 1064087604
4
6 1060501238
8 1115481677
2 1006854372
3
2 1015919990
4
3
5
2 1116328538
2 1204720227
4
9 10
5
9 16
9 78
4
8 1039293452
2 1052864700
5
7 1118293024
9 63
8 1018792086
2 1035204522
5
9 20
1 1129774632
6 1078379833
6 1129129578
9 70
8 1078370951
3
4
3
7 1147672503
8 1050118607
9 12
9 75
7 1232327553
2 1174676483
5
1 1183416738
8 1147270947
9 27
3
6 1266910664
6 1058552946
9 56
7 1208078498
3
6 1098205385
7 1001404592
4
1 1010861604
1 1047056853
3
9 56
7 1206620559
4
3
9 71
7 1102570783
2 1127455620
4
6 1255282951
4
2 1237868935
1 1073956292
1 1028891048
9 51
6 1013946558
5
9 80
5
6 1040500443
9 27
6 1180093987
4
9 45
6 1064684066
1 1010367577
4
6 1013823993
4
9 21
4
7 1041601840
4
7 1242177860
5
3
5
6 1249170530
6 1023143582
6 1296675811
3
9 10
2 1073956292
8 1030938396
8 1146850990
2 1057338714
3
6 1280105079
8 1023619978
6 1118597571
4
9 57
5
8 1122594942
8 1178742503
5
4
5
6 1102442397
7 1011750484
2 1118860556
5
2 1010763455
4
6 1020466231
6 1154110345
3
2 1018722593
8 1014014949
1 1108450758
7 1001318277
6 1025406758
4
7 1018163785
3
7 1194745677
8 1048200289
4
6 1037088682
5
4
9 69
7 1193858583
8 1235648075
3
6 1057959750
3
7 1076985338
9 71
9 5
3
5
4
3
7 1107625712
8 1073515893
8 1053769729
5
7 1082550845
8 1251408290
1 1004235676
9 51
3
2 1176019169
3
9 67
3
7 1097248613
3
2 1129166902
2 1006854372
3
6 1013535032
8 1057410851
4
2 1237868935
2 1164781881
5
6 1264011052
5
8 1047802668
1 1063428144
1 1019644624
6 1048508326
8 1074249793
3
4
2 1043817892
9 51
5
8 1023759425
1 1010770390
2 1028891048
4
8 1030931476
7 1255148380
5
7 1043489067
2 1284482598
4
6 1041740999
9 4
4
9 16
3
9 64
1 1081937607
8 1175981697
6 1186014870
2 1148509503
6 1139069438
6 1233391563
9 65
2 1072401286
4
8 1114160337
6 1097300684
2 1183021991
8 1042710245
2 1139940148
9 44
9 38
1 1089900917
9 10
8 1232600883
6 1049797547
9 80
3
1 1099255867
7 1055219515
7 1099423338
6 1173193762
3
9 32
6 1164758631
9 72
9 69
8 1184802173
2 1053641426
5
6 1254454833
2 1118451425
3
2 1087224229
5
6 1020104959
9 17
4
2 1229375945
8 1129748971
6 1112432858
5
7 1018281364
3
1 1064354718
6 1165600134
5
4
8 1082100609
1 1129735915
2 1082268380
4
3
6 1172128026
5
2 1010861604
3
1 1249329074
9 5
5
7 1007065137
7 1209886463
9 66
2 1049911903
8 1008004196
2 1049911903
2 1118451425
2 1044725087
3
2 1073956292
6 1081830877
1 1042067328
5
9 47
8 1032902628
5
7 1266187210
6 1062735333
2 1004771131
2 1229375945
5
7 1135970558
4
3
8 1013092000
3
8 1098930734
5
8 1027617579
7 1213892357
5
7 1019534977
8 1017770747
3
2 1284482598
4
9 90
7 1038404583
5
7 1012296678
3
1 1055961561
5
7 1227622083
8 1127387619
4
9 39
5
8 1058167085
6 1263655233
5
1 1033520581
5
9 10
9 34
7 1022418752
8 1072251717
5
4
3
6 1078621592
7 1027872670
5
3
1 1100219337
5
7 1257836490
7 1012892957
5
2 0
6 1163649743
8 1222713245
4
1 1008667322
9 69
5
2 1230657278
1 1007543753
9 76
4
7 1043793902
6 1234165188
5
3
4
3
9 47
6 1056513142
8 1194626048
5
8 1127475389
7 1098374770
7 1258649552
8 1088669905
6 1003178268
2 1230657278
2 1028891048
8 1112290067
4
7 1105330270
6 1094742851
3
6 1058082237
2 1062869923
8 1021661658
7 1203817004
4
3
6 1027010397
2 0
5
2 0
6 1253324144
4
6 1042156358
4
8 1113475352
3
7 1033010323
3
6 1127154407
6 1231001565
4
2 1232337350
2 0
4
9 48
3
4
7 1062160137
4
5
9 63
8 1043407972
6 1235973261
8 1091929854
4
1 1026390952
3
4
7 1248033282
2 1033791763
1 1036025722
9 7
3
6 1250266461
8 1120403335
3
5
9 32
8 1102713080
8 1039849235
2 1114822830
5
3
5
8 1018390185
8 1154427598
3
6 1198562538
1 1141911875
3
2 0
5
4
5
2 0
4
7 1021709951
9 65
7 1255338048
1 1063534023
7 1159301265
9 43
9 46
2 0
4
9 101
3
2 0
6 1118827349
2 1145255128
2 1155487282
9 64
4
7 1087001912
2 1007543753
7 1105659686
3
5
6 1207424258
4
8 1137779072
2 0
3
7 1120645062
6 1048847532
2 1062869923
9 98
4
7 1072761014
1 1104032271
4
1 1079260589
1 1036021960
4
3
2 1067412678
2 1010763455
7 1161142878
6 1037666274
2 0
4
7 1075159368
5
7 1194598664
3
2 1108450758
2 1057338714
8 1286223914
3
4
2 1047056853
5
7 1015256647
2 1264288823
2 1033791763
9 89
5
2 0
9 52
5
6 1044653196
5
1 1061671874
2 1004235676
6 1136821032
6 1109911629
3
4
5
7 1033440444
3
8 1189568202
3
8 1048544726
9 12
5
1 1054610127
4
9 92
8 1005596425
6 1036336602
7 1222594508
2 1007543753
4
3
7 1142761453
4
6 1169705648
8 1029217450
5
4
8 1225914442
1 1064753220
7 1059547752
2 0
7 1118184987
8 1210572058
5
1 1149952133
1 1015388791
5
6 1056998646
6 1112607633
1 1084542174
3
2 1010367577
5
9 62
2 1004771131
4
3
9 105
3
7 1232211986
8 1099461345
3
1 1043629086
8 1011445061
8 1028485199
8 1017332270
3
1 1154289397
4
2 0
5
8 1078107234
1 1010467799
9 85
5
7 1192471984
2 0
3
8 1167771812
6 1129816345
3
6 1113101970
5
6 1018296573
1 1035325452
1 1195390509
8 1191364232
5
2 1036021960
3
7 1066309570
5
7 1014748461
7 1042710577
2 0
8 1068896977
5
3
9 65
4
5
9 4
3
6 1207387520
6 1118743322
4
6 1043010552
5
9 2
4
3
5
2 1116328538
9 39
9 11
2 1055282646
4
2 1079260589
8 1140221082
9 93
8 1106860143
5
7 1089487327
7 1200741653
7 1248482794
6 1111416396
9 78
7 1194002729
7 1137156561
4
9 60
6 1053499466
4
5
8 1088754399
3
8 1009533968
6 1004817668
9 54
9 73
7 1255041480
3
5
6 1139533076
3
2 1249329074
4
3
7 1090748853
1 1085133085
6 1030161670
4
6 1207446915
5
1 1125527882
2 1028891048
1 1030962216
1 1307605785
2 1017332949
9 74
6 1003738327
3
5
3
1 1053355358
5
6 1069890012
4
6 1013637649
7 1096146731
9 51
7 1224878526
9 75
5
6 1027181980
5
8 1262726874
2 1164781881
8 1194335561
9 60
1 1003220999
8 1110510270
7 1204814191
3
6 1190767213
8 1030063566
1 1030210411
4
7 1035888277
4
3
4
2 1141875205
8 1103677831
8 1110251339
7 1140734296
1 1165115726
2 1043817892
4
7 1096742255
2 0
7 1063653791
5
7 1119400909
4
6 1014530929
5
9 127
8 1063239359
9 101
1 1144419122
4
5
8 1225358884
9 53
9 95
6 1068871863
3
5
2 1036025722
7 1053458742
6 1073260789
4
6 1018222703
4
2 0
7 1041252304
1 1162216791
6 1122233935
3
5
4
6 1027656065
4
6 1127795780
7 1023971291
5
7 1020384055
4
2 1062869923
4
6 1147202088
2 0
2 0
2 1053355358
5
8 1030136226
5
9 111
5
3
2 1053641426
9 29
6 1260919108
7 1224832569
7 1282599408
6 1104669007
7 1073181814
6 1086924709
9 18
1 1066577430
2 1010367577
6 1005060856
9 88
1 1031318982
4
2 1150394221
7 1190880636
8 1010083163
8 1240444337
9 39
2 1146068360
2 0
4
9 58
9 31
8 1159322336
8 1036299946
5
3
2 0
7 1224097943
6 1065435380
8 1036290739
3
2 0
5
2 1055282646
2 1118451425
3
8 1291668920
1 1139845543
5
4
5
8 1016278358
7 1199089275
5
9 103
2 1127455620
4
5
6 1036228433
8 1171352640
4
5
7 1132051568
1 1080821119
6 1117951792
2 0
3
8 1027740386
8 1093521684
9 21
8 1011538060
4
3
5
3
2 0
6 1149872495
8 1027603649
1 1134114908
6 1181227602
8 1113341594
5
3
7 1028244564
9 133
7 1152825467
5
8 1208450420
1 1185571866
8 1189279763
6 1205247955
1 1024368400
9 19
5
3
4
8 1064200873
2 0
3
7 1022602585
7 1213920925
4
8 1050156784
3
7 1108577401
6 1133703638
2 1053708689
9 123
3
8 1156329807
9 107
2 0
7 1113886862
3
7 1157788451
2 1010467799
6 1221108373
8 1102368722
5
6 1071227156
4
2 1221639510
9 5
2 0
4
6 1305507629
9 17
6 1166647390
4
5
7 1093644724
1 1083544017
9 53
7 1026595340
4
2 0
6 1133779711
6 1051032043
1 1025542065
5
7 1000862415
8 1080535187
8 1188602184
6 1077487491
9 15
6 1109824413
4
8 1032384730
3
1 1035011756
7 1048222092
6 1065848455
1 1170202942
4
9 39
6 1058925239
5
6 1037814972
1 1153763331
4
9 130
3
8 1156685134
7 1269256221
5
4
7 1007884605
2 0
5
2 1284482598
9 16
6 1199995820
1 1152577140
1 1032145306
1 1002421556
5
9 69
4
5
4
2 0
2 1174676483
9 135
4
3
8 1055084121
5
1 1253353952
2 1036021960
7 1101821705
4
3
9 80
3
8 1034683988
4
7 1019325918
7 1115890068
5
3
4
2 1033520581
2 1104032271
5
6 1012594309
2 1245674722
3
2 1204010422
4
7 1227874672
7 1064137586
6 1162213438
6 1065408879
9 81
6 1081285156
2 1052864700
5
2 0
3
6 1148441935
8 1142364938
2 1026390952
8 1029490125
3
2 0
8 1062922359
4
1 1016386397
9 78
5
4
1 1300083617
6 1190426461
2 1155487282
1 1042700737
8 1162476629
8 1000200540
6 1046140321
9 38
8 1063792863
6 1178787619
1 1238853696
8 1126761616
7 1174829311
1 1072792394
3
9 96
4
1 1076792827
2 1041690153
6 1179154058
7 1170980600
7 1055634654
6 1307797376
5
6 1044864987
6 1142442530
8 1138614898
6 1068643888
7 1232969644
5
1 1188415060
4
6 1285089246
2 1064087604
8 1083220018
4
1 1168192988
4
3
5
6 1140798724
9 135
6 1179351228
9 45
7 1045960963
8 1006144865
2 0
6 1176663728
9 13
8 1097339721
9 109
4
2 1044725087
7 1032578889
4
9 83
2 1145255128
7 1153252879
7 1013828283
9 155
4
7 1079894293
3
7 1023948525
8 1126432497
1 1064362926
5
1 1097760157
5
3
9 90
1 1221983906
9 97
4
8 1015050450
6 1098258785
9 8
4
2 0
6 1043631922
6 1086302535
3
1 1183836361
7 1113379980
1 1277195450
5
2 0
3
1 1307752948
5
6 1141498989
5
7 1199506022
3
2 1007543753
5
2 1082268380
9 56
2 1307605785
7 1069834001
4
1 1117060343
4
5
8 1087962478
4
2 1057338714
5
7 1068575155
8 1236956381
8 1031297810
8 1123771350
3
5
6 1259560091
6 1096485830
3
1 1060030959
9 67
2 1221639510
9 53
6 1014200259
2 1064753220
6 1110532031
6 1117928804
1 1061558566
4
3
8 1089031507
6 1169932870
8 1234834703
4
7 1053881282
9 110
9 147
1 1186347570
8 1092868198
3
5
7 1105861540
2 1067412678
6 1005743496
5
6 1094942492
4
2 1227525834
7 1070419894
5
8 1073433808
5
7 1213905223
7 1183338198
9 157
5
3
8 1190750345
3
8 1151848690
5
7 1027098304
6 1016881806
7 1010563470
5
3
7 1013555910
7 1052667740
6 1080419740
5
3
6 1066186848
8 1207111417
4
6 1125024781
7 1069026639
9 89
5
3
6 1067758443
1 1182284570
6 1152748149
3
7 1148812952
2 0
4
3
2 1080405556
3
5
6 1136852777
6 1017151781
5
4
5
3
9 85
6 1002866318
2 1016386397
7 1081277229
2 1025542065
3
8 1228957705
9 153
1 1121227999
6 1182025830
5
6 1133665237
2 1081937607
3
5
3
5
7 1036942613
6 1050035215
5
9 152
3
6 1073231304
7 1007243997
6 1097485154
5
4
6 1101342002
8 1203675998
8 1036678106
4
7 1021260103
6 1014190292
8 1041294797
3
8 1018377659
6 1025210779
2 0
2 0
3
5
6 1021527819
6 1166215659
6 1105740363
9 40
9 38
8 1028579822
3
2 0
8 1025476526
7 1060671049
9 159
5
9 167
9 134
2 0
1 1021210324
2 1004771131
1 1281127731
7 1177501811
5
2 0
2 1249329074
1 1222048655
2 1033520581
9 26
6 1280666691
7 1078519699
6 1171283615
7 1110603279
7 1003055371
8 1161613811
6 1171105278
6 1169644582
7 1044625472
5
7 1176368359
6 1010461728
2 1162216791
1 1019786363
6 1288937164
1 1202343843
9 38
6 1235227751
9 68
4
9 93
4
5
7 1196927315
5
7 1084560371
4
8 1080060939
8 1084972168
8 1060531699
3
1 1078547550
1 1242880752
7 1036552418
5
1 1126931172
9 122
8 1025320141
3
4
6 1154847774
1 1007882979
8 1069325878
4
8 1147054985
9 117
7 1018453555
3
4
9 5
4
8 1154170729
7 1046577938
3
5
9 124
5
7 1018146878
3
8 1004397483
6 1093430181
1 1231967726
6 1013383078
8 1093237258
4
6 1184510324
9 172
8 1158489972
3
4
8 1159549942
5
8 1029784620
3
2 1063534023
2 0
6 1003361043
8 1140824442
6 1166291746
9 1
5
4
1 1000451848
6 1131385027
9 82
4
8 1173211734
5
6 1114138544
6 1044781589
9 170
5
8 1022505786
7 1151143899
4
7 1129267224
8 1106370197
2 1030962216
3
6 1271972483
2 1152577140
8 1075712360
4
3
2 1238853696
9 132
4
6 1222007799
6 1027494040
4
5
2 0
2 0
2 1072401286
6 1198980977
3
1 1103249239
5
2 0
4
8 1044105101
5
7 1126292778
9 101
2 0
5
8 1104871545
5
8 1004562675
1 1104984473
9 122
3
2 1067412678
5
6 1028178371
6 1142300564
4
2 1117060343
9 82
2 0
7 1004259654
9 100
7 1093982103
1 1021487964
8 1139829792
7 1090815456
2 1035011756
4
7 1129645955
2 0
6 1166729030
4
6 1067401667
6 1000489913
8 1139443344
9 100
6 1044553425
6 1063764471
2 1064354718
3
4
9 151
6 1123831805
2 1072792394
2 1300083617
9 25
3
4
6 1030796529
4
5
7 1032907338
4
5
8 1090540573
9 90
9 85
2 1054610127
5
1 1285802027
3
8 1091247238
8 1131342461
6 1253764123
2 1141875205
4
2 1128402685
3
4
8 1166105778
9 133
5
9 118
5
3
1 1014385585
3
2 0
4
9 134
3
5
9 132
5
6 1179571872
7 1094693204
4
1 1226262559
5
2 1141875205
7 1195806453
6 1109626556
4
5
6 1171801412
8 1081302385
7 1121305007
5
3
4
3
8 1121362192
6 1000746226
1 1120999861
7 1084141062
7 1289210804
5
2 1100219337
8 1243159882
3
4
2 1165115726
4
2 1242880752
2 1053355358
4
1 1066218490
9 64
9 134
2 0
6 1009531574
6 1117055152
6 1066236354
2 1010763455
2 0
3
2 1183021991
9 179
7 1084648146
5
9 186
2 0
4
6 1249434694
3
7 1068308313
3
6 1218500215
6 1064730431
5
9 160
7 1096017222
3
4
8 1030368113
8 1295307891
8 1085263886
3
6 1003412835
7 1249526968
9 81
2 0
8 1074567886
2 1118860556
3
2 1285802027
2 1080821119
1 1009253159
3
9 176
9 96
4
8 1158167274
1 1145013291
4
2 0
6 1047380686
1 1154701187
7 1077790681
3
6 1137278952
9 110
7 1105885290
4
7 1259487587
2 0
8 1071697890
3
8 1004310691
8 1017078419
3
7 1189552002
3
7 1261074411
6 1288396589
1 1117425102
3
6 1047094322
7 1030127543
1 1144404879
4
8 1014211771
5
4
6 1039708781
2 1064354718
3
9 49
9 165
9 173
4
5
8 1059374111
7 1053223918
3
4
1 1176205201
8 1048385597
3
1 1119926524
8 1271303881
7 1072721882
1 1009023447
6 1141090050
8 1218152229
1 1237136220
7 1012744661
8 1050993243
6 1099152334
4
6 1161133269
4
3
6 1135062385
4
8 1058690730
2 0
4
3
5
7 1154664715
6 1268909344
9 14
8 1081319221
4
8 1183279670
7 1175590900
9 88
4
5
7 1093345423
6 1008461575
8 1038970741
1 1027704397
6 1154063588
9 55
2 1026390952
2 0
7 1062354779
3
5
2 0
2 1009023447
7 1324629353
6 1126642783
3
8 1188165348
7 1058025252
8 1072850973
8 1028862926
3
7 1074120524
7 1014781892
1 1072900332
5
7 1247373672
6 1068861185
6 1073449246
1 1120597873
7 1132692947
4
6 1192647096
1 1193840423
6 1035498401
1 1212641397
4
9 40
2 0
7 1181641580
8 1033906607
2 0
5
1 1150691640
4
8 1083933808
7 1042870994
6 1165689035
8 1077706462
3
4
6 1066911553
1 1310521721
1 1213444730
3
9 165
9 125
5
7 1217043696
6 1046919968
7 1043340689
8 1062018111
5
2 1053708689
2 0
6 1038000446
4
6 1124401763
4
8 1030731209
7 1135812305
3
2 1099564806
7 1061338681
5
9 138
4
2 1232337350
6 1225765550
8 1090447758
8 1082295857
6 1157301625
7 1233654888
5
9 85
2 1010367577
3
2 1231967726
3
5
9 62
4
1 1004915914
4
6 1043760978
4
5
8 1099410768
1 1121199804
2 1080405556
6 1079006992
7 1246584592
3
5
8 1029752160
9 122
8 1104107697
9 23
3
4
9 101
4
7 1078329337
2 1129166902
3
6 1041867853
5
8 1128752672
6 1092127382
8 1018730340
3
8 1093374834
1 1122353790
3
1 1159171861
2 1081937607
6 1028467177
7 1232320748
3
6 1072285165
7 1214239876
5
3
4
8 1066429388
5
3
6 1004703000
5
3
9 135
9 186
8 1167401045
4
6 1292850583
3
7 1030071323
8 1145680280
7 1156217168
6 1096438294
4
7 1005142283
4
8 1084668662
7 1104231551
9 81
3
5
2 1033791763
6 1148702511
3
5
2 1033520581
4
6 1111255539
6 1051132738
9 16
5
9 178
9 204
9 201
9 49
3
1 1099411295
8 1039194146
7 1149782829
9 38
6 1023460630
1 1077467325
8 1222231451
7 1234520564
8 1242756315
2 1176019169
6 1045911931
9 77
4
9 116
8 1003788708
6 1196330335
4
6 1153272082
6 1031098624
2 1021210324
4
5
2 1015388791
6 1029629170
4
6 1072813713
5
2 1099564806
3
5
9 18
7 1004168516
7 1298314148
3
9 66
2 1230657278
6 1090120979
1 1252282058
8 1206064474
4
8 1088086324
5
7 1091915820
5
6 1083028531
2 1081937607
7 1014011256
4
7 1044760748
6 1090065824
1 1000764908
2 0
8 1054619929
2 0
3
9 184
3
6 1147710736
6 1081282280
6 1095360654
3
6 1252585187
4
3
5
4
8 1143117258
2 1015507926
5
6 1223254461
4
8 1137326450
6 1240668197
7 1090455224
1 1080559772
5
8 1016739409
8 1016931108
6 1014423404
7 1126121667
9 5
4
6 1085304677
3
7 1073840090
1 1066897684
3
5
6 1128100061
2 1249329074
5
6 1119787389
9 143
5
4
1 1061593872
6 1191401724
2 1245674722
3
9 183
3
6 1151309682
2 0
2 1198663556
8 1118460713
3
7 1026463541
4
1 1158447308
5
4
1 1088299033
7 1096065429
5
3
6 1161244948
3
4
1 1021277765
7 1046140953
7 1009076228
9 91
6 1182356555
9 84
8 1016278896
4
9 48
3
2 1116328538
3
5
2 0
6 1038958259
6 1081619811
6 1067360528
9 40
2 1144404879
9 158
5
4
7 1097224048
3
4
9 83
7 1041054988
6 1270323029
8 1156635270
4
8 1108681252
2 1146068360
5
6 1017965401
4
2 1031053646
3
1 1247679844
6 1052812476
2 0
9 216
5
8 1235992180
5
8 1002404718
8 1075560997
6 1026121875
8 1152079753
2 0
5
4
6 1135791905
9 84
4
8 1013441185
4
3
2 0
2 0
4
1 1108068042
6 1017361152
3
7 1173320241
1 1055991746
3
4
8 1058125570
2 1026390952
8 1264021587
3
9 219
7 1095836950
2 1099255867
2 0
6 1014011335
3
9 101
3
9 192
7 1270691940
7 1026732774
3
4
6 1201861619
3
5
6 1202961539
3
9 22
6 1010815335
9 138
7 1099231579
9 73
3
5
3
2 0
4
7 1077900543
7 1075396193
8 1078741931
8 1065419200
8 1038072763
6 1053245668
5
4
9 7
9 33
3
6 1180778477
7 1257400692
8 1095155563
7 1017429251
9 197
2 0
7 1082854037
4
7 1097422423
8 1020855893
1 1111093778
8 1036227021
5
3
9 156
9 179
1 1090268684
3
6 1043262908
7 1057274382
5
8 1137741647
2 0
4
1 1105345832
8 1179710912
3
5
7 1089131037
7 1043591397
4
5
8 1191228487
8 1165181988
8 1003671667
7 1042003489
8 1040045896
8 1029685277
4
8 1076127690
6 1021565713
2 1154289397
5
3
6 1033521815
9 68
3
4
1 1088233461
2 0
2 1041690153
1 1058922648
6 1043380683
8 1042469993
3
5
1 1080073648
3
5
8 1008644990
8 1116714865
9 168
5
6 1170130347
9 78
7 1022783523
9 40
9 174
8 1035343122
8 1064474691
2 1024368400
9 52
8 1019796385
8 1033600059
7 1198367384
2 0
5
6 1043046662
4
5
6 1015448034
2 1006854372
3
4
2 1044725087
1 1094651328
2 1165115726
6 1209005046
7 1133047705
3
7 1008340726
8 1105542851
8 1290946051
8 1214881015
5
8 1106365967
7 1160578712
6 1324255706
5
4
8 1055333206
3
5
9 110
3
5
9 28
2 0
7 1024261345
2 1116328538
6 1193774254
2 0
3
8 1163428476
2 0
8 1006252961
8 1163654816
1 1255993703
5
2 1024368400
5
8 1207436350
2 1154289397
1 1244465767
7 1143821855
9 83
9 223
5
8 1002286913
9 37
7 1112881931
6 1030310111
3
5
4
3
9 66
7 1258128192
9 132
5
3
9 41
2 0
7 1117810388
9 139
5
9 48
2 1253353952
3
6 1253398647
5
4
5
9 54
7 1283823445
5
2 1010861604
8 1240606957
8 1077819023
2 1079260589
4
1 1090550374
5
8 1107569991
4
6 1032060521
2 1097760157
5
4
5
7 1264174790
3
1 1122553377
7 1215688113
4
5
9 40
3
8 1096159321
6 1023351437
8 1003160831
2 1062869923
8 1065117494
2 1060030959
9 91
1 1133807974
2 1004771131
4
9 121
1 1238911182
9 91
3
7 1049855882
8 1234118712
5
7 1046161214
7 1259369885
4
2 0
2 0
2 1221639510
6 1229680701
2 0
9 118
9 92
5
9 162
5
4
3
1 1026540805
4
3
7 1025090076
6 1154221491
4
8 1041643933
7 1107932079
2 0
2 1183021991
3
6 1236231605
2 1120999861
8 1009607043
3
9 94
6 1206809667
5
9 35
8 1142809067
6 1032662737
3
6 1264327675
3
4
9 173
5
7 1020659565
6 1260042806
7 1216359452
4
7 1130238730
9 37
7 1105710489
6 1068499782
3
2 1054610127
7 1078152326
6 1042543727
3
1 1108791969
5
4
9 108
9 117
2 1099411295
2 0
1 1066405412
5
7 1106411568
3
4
6 1148148182
2 0
1 1110922090
7 1125048288
8 1108013507
1 1182446510
9 196
2 0
9 72
6 1046309421
3
7 1030906994
9 227
5
1 1068794262
9 230
7 1050722571
6 1258503679
4
5
6 1115948020
6 1038349860
1 1143678115
9 49
2 1143678115
7 1023440638
4
9 75
4
3
4
6 1056737470
3
6 1086216329
2 0
9 176
3
4
9 54
2 0
9 65
6 1145663527
1 1124296137
8 1075756312
3
4
8 1093662760
2 1017332949
8 1099529398
8 1080628678
5
1 1019977245
8 1037891662
5
8 1056754842
5
3
7 1016682579
1 1282727519
2 1170202942
3
9 141
2 1004235676
3
9 160
7 1030123695
8 1221838700
5
6 1030826547
7 1041242691
6 1119045279
9 144
9 121
2 0
4
8 1195867934
8 1094587088
5
9 139
5
7 1161555516
4
9 146
8 1219872982
7 1119568018
9 231
4
9 128
3
5
7 1152549801
7 1171498549
8 1269032794
5
2 0
9 105
5
8 1024781977
8 1002954493
3
5
9 184
3
4
3
9 122
2 1094651328
8 1301423283
6 1292831026
8 1113676190
9 202
7 1042196888
7 1084151933
7 1031646942
6 1155446595
6 1035301696
6 1064152375
9 124
8 1087551168
4
7 1092355347
7 1125262900
2 1000451848
8 1014186979
8 1039570460
2 1088233461
3
7 1009292818
4
9 7
5
2 0
6 1231650565
1 1061104623
9 46
7 1207091859
3
5
2 1010367577
2 1007543753
3
5
7 1109029186
5
2 1064087604
4
6 1120554241
9 237
1 1276872722
9 32
6 1063596270
1 1307104173
9 199
8 1017653682
5
8 1113877190
6 1106708540
6 1077420433
7 1023522003
3
8 1210391156
3
6 1020641980
3
6 1003686620
1 1177871128
6 1268069593
4
1 1000175809
6 1154355978
9 190
2 1148509503
1 1007486288
1 1008254465
9 185
7 1102603429
1 1033788655
7 1060817961
1 1100646660
3
7 1038134284
6 1019440549
1 1071456348
4
5
9 218
6 1234010336
4
1 1245554288
1 1221581707
7 1067341984
2 0
7 1016861656
7 1168612595
8 1002838970
5
8 1010823834
9 126
8 1023291998
3
7 1051903878
7 1153011663
5
2 0
7 1106899866
6 1072410481
3
2 1027704397
6 1170624150
7 1042156733
5
8 1026212318
2 1145255128
8 1077482353
1 1036940632
2 0
3
1 1031936813
1 1072109841
7 1152555688
5
7 1076865438
4
7 1146401509
6 1207687249
4
9 38
8 1139737543
3
2 0
5
4
7 1087273707
7 1058695385
5
1 1108374919
5
9 128
8 1064560666
4
9 226
8 1025158174
8 1293162767
3
2 0
2 1182446510
2 0
6 1023331362
5
3
6 1150557505
2 1061558566
7 1095147978
8 1022780993
3
2 1105345832
4
9 207
2 1028891048
2 1033788655
3
6 1019522420
9 253
8 1061964427
2 0
3
7 1247074990
6 1050616932
9 112
4
6 1118070945
5
2 0
7 1160054277
8 1081930066
8 1100625495
2 0
5
4
5
2 1177871128
1 1309651697
4
3
7 1070845014
7 1301271472
1 1055660208
8 1227675599
6 1068610537
6 1196388069
5
9 169
5
4
6 1117475550
9 148
3
4
5
4
2 1158447308
8 1092500111
9 200
8 1033230061
6 1027335939
2 0
5
8 1145975272
7 1112678453
8 1069073648
1 1144725389
6 1012575070
7 1120769431
9 239
3
2 1009253159
5
9 41
7 1142512715
9 159
3
6 1103918271
7 1153379966
9 237
2 1121227999
3
7 1064208255
8 1242105389
8 1078343689
5
1 1132969016
9 200
9 13
6 1204431959
6 1014943489
6 1166564543
4
6 1075533711
4
2 0
6 1050812006
7 1033509167
1 1173110804
4
8 1298211923
2 0
6 1192479408
6 1066742305
7 1069306015
8 1023977200
3
5
1 1176458825
5
9 137
9 158
8 1056752625
6 1180045618
1 1154328141
3
9 201
2 0
6 1074471904
5
9 68
6 1074739361
4
9 222
5
8 1046685715
5
2 1264288823
6 1023584038
7 1034432349
2 1134508519
7 1069600702
8 1245180244
6 1022560052
1 1166059686
9 52
1 1098269579
2 0
2 1150394221
7 1085111172
9 3
5
2 1027704397
2 0
5
2 0
7 1011108896
5
7 1176860986
7 1094997111
1 1173968055
8 1216748146
6 1078642164
8 1050750688
2 1025542065
5
3
7 1053450324
3
6 1238738846
6 1087692314
4
5
3
9 103
8 1025685269
9 171
3
6 1260026496
3
6 1003171296
5
6 1081239166
5
2 0
9 61
7 1080698281
2 1120597873
9 179
1 1294389624
4
7 1056077427
8 1129131907
4
3
9 138
4
7 1004482512
2 1061671874
9 265
7 1120281357
8 1174695355
5
7 1146649647
9 132
9 48
9 92
7 1145732294
9 232
3
7 1019696801
9 253
4
1 1139498309
8 1149753713
5
2 0
3
6 1183760736
8 1043056265
9 144
1 1036346312
6 1043538372
7 1062208112
6 1121211644
8 1154463472
7 1196752589
6 1049691940
3
6 1048987391
6 1067190013
6 1224168201
2 1188415060
8 1067053017
6 1128627417
2 1144725389
9 117
4
1 1148759337
5
2 1028891048
1 1048644311
8 1074150687
2 0
3
5
9 40
9 88
7 1015544955
3
7 1048105248
2 1090268684
5
6 1037465379
3
7 1047380637
4
3
7 1110607255
1 1222018528
8 1011587029
2 1154328141
2 1080405556
4
7 1091960920
3
6 1096130705
6 1131317937
2 0
8 1002142626
9 37
3
5
1 1106610971
2 0
9 216
5
9 8
5
3
2 0
5
7 1197144151
4
8 1153145368
6 1081819945
6 1094360437
3
6 1060006345
8 1005097097
2 0
5
3
1 1173033822
1 1117587573
1 1017356780
3
8 1105816558
5
9 82
6 1092965669
1 1025176282
7 1186749407
3
9 228
3
5
3
9 235
4
3
9 177
8 1076839386
9 244
6 1193344658
5
8 1028570097
4
5
4
9 52
5
3
9 27
4
5
3
2 0
2 1036025722
1 1088661082
4
2 0
2 1007882979
6 1204870868
5
2 0
7 1167886630
8 1000602526
6 1042477723
1 1073632597
7 1104784777
6 1169219333
7 1083080247
6 1112550887
8 1187846492
5
4
5
6 1006674795
7 1051167386
5
8 1035141610
8 1158955547
7 1173791160
2 1238911182
5
9 200
8 1067460485
6 1038250175
6 1195876150
6 1077876551
6 1037263815
8 1038823851
3
4
2 1007486288
6 1179560939
6 1034814793
8 1075302712
5
9 183
6 1109467107
7 1085684288
9 152
6 1085147245
6 1149164916
4
3
1 1111867517
2 1118451425
2 0
7 1161371151
9 229
6 1017359765
8 1070880130
6 1031395114
5
6 1132239424
8 1081189274
4
3
2 1153763331
9 268
9 119
5
8 1279527130
7 1138934098
7 1092136936
3
1 1072585499
9 261
1 1172160748
4
2 0
8 1277617912
3
8 1071745245
7 1090325005
6 1171898599
9 42
3
6 1003844157
4
5
1 1037147594
3
1 1030629991
7 1157013235
7 1043082280
8 1075711298
1 1066407489
6 1062058158
1 1240370234
1 1025533367
2 0
2 1198663556
9 10
8 1119004075
4
3
7 1127599613
2 0
8 1066185997
7 1040972406
4
8 1075967755
8 1006164902
1 1008241966
5
6 1014491248
6 1078149696
4
1 1098833443
7 1043471362
7 1043444243
3
6 1280086953
3
8 1045573517
7 1006458373
1 1123829974
5
6 1237473629
2 1183021991
5
1 1109506993
5
8 1275401746
5
6 1074128311
6 1094481716
4
6 1176595667
8 1125410465
2 1129735915
9 77
9 294
4
9 92
3
9 192
8 1139729538
8 1044231646
3
9 87
3
7 1076837835
6 1272846138
7 1084744247
9 110
1 1226786854
1 1168885495
5
9 261
3
9 123
3
2 1124525826
9 144
5
9 126
4
6 1096883081
8 1136813624
5
4
7 1102903683
7 1044385682
6 1134553308
6 1204910054
9 192
9 155
6 1190952049
9 31
4
5
4
7 1166629877
3
6 1207293775
3
8 1180646485
6 1043922664
5
7 1099579153
7 1080797094
7 1039002038
7 1254376108
2 1064354718
3
1 1192923395
7 1074346350
4
2 0
3
1 1001911833
9 10
8 1034358929
6 1138635644
1 1132643772
6 1206577227
9 229
6 1097788739
8 1042452163
2 0
5
4
2 1073632597
3
4
9 56
5
4
1 1012884642
6 1071433330
1 1220232551
9 136
6 1097797729
2 1016733851
7 1011303754
7 1269928745
5
2 1032145306
6 1052578912
8 1154589648
7 1056508575
3
8 1001862645
7 1146773701
3
5
2 0
6 1071651059
1 1167712297
5
2 1077467325
5
9 53
2 0
4
6 1153809150
4
5
8 1071439480
9 120
6 1009961444
5
9 243
7 1185560577
9 198
2 1084542174
4
8 1085489676
7 1074267282
4
1 1018913273
7 1044519886
1 1252671089
3
2 0
9 163
2 1172160748
3
2 0
8 1018124521
7 1123614402
8 1230282712
2 1154701187
8 1099840886
9 178
2 1043629086
9 67
3
6 1084891388
5
6 1027111149
9 120
9 98
1 1101957055
8 1032606730
1 1209849577
5
8 1107417610
9 229
3
9 246
2 1172160748
1 1152031706
7 1080644164
4
1 1017225167
8 1138245401
7 1065456156
2 1284482598
5
8 1114018156
8 1018326446
2 0
9 66
3
7 1058192084
9 231
8 1056299937
5
6 1294252171
5
3
7 1074003366
3
7 1126262852
7 1125560792
2 0
7 1229943625
7 1070766095
1 1277633161
8 1103039501
5
7 1105654322
9 49
6 1042222840
4
1 1228001351
2 0
7 1106538543
6 1139929554
4
2 1033089629
7 1025379258
5
3
7 1024838870
3
1 1021495085
6 1083012233
4
8 1201331709
2 0
7 1147592616
5
7 1061371720
8 1200456874
5
7 1126752855
7 1096473411
7 1090848179
8 1002909229
2 1069231202
1 1009862090
5
9 223
7 1118927834
3
1 1075596201
3
9 228
9 277
4
8 1238270663
4
8 1070673603
5
4
3
1 1066323509
1 1021362183
4
3
1 1049937884
2 0
7 1011224344
5
9 34
6 1201093388
2 1224366633
1 1207359494
6 1010042522
2 1053708689
9 174
7 1111194918
8 1039547381
6 1081943715
4
5
4
8 1078777855
3
7 1027723521
9 11
4
3
1 1310763698
1 1093843934
3
7 1107845329
5
2 0
4
6 1133172442
5
2 1124525826
9 155
4
9 69
8 1045932869
1 1184113628
6 1065019716
6 1275561319
4
6 1097752982
7 1115276479
2 1281127731
4
7 1023317090
8 1106254073
6 1052006536
8 1143540445
2 0
5
2 1252282058
7 1262021864
8 1088902413
8 1017474098
4
9 256
8 1087390021
3
9 81
6 1147773468
6 1123666955
5
4
7 1012544697
7 1134478646
6 1027789033
4
5
4
2 1224366633
4
3
8 1178778751
5
6 1120573278
8 1177662270
8 1069422125
7 1077431938
3
8 1089886301
5
9 95
4
7 1031834503
3
6 1057570757
2 1069231202
1 1087255056
8 1071583762
7 1138907458
3
8 1221443453
2 0
2 1144404879
5
1 1117411563
3
9 33
1 1017880478
2 1139940148
6 1019463081
5
2 1148509503
3
1 1048084637
5
1 1117949247
6 1037669357
7 1199692120
4
7 1010417720
3
7 1121028754
8 1072912317
8 1247807155
9 105
5
8 1226372036
5
9 227
6 1072874922
1 1169003947
8 1045077968
5
1 1164433408
8 1185782974
9 142
7 1206331390
3
8 1060825493
4
9 133
1 1037176764
3
4
9 202
1 1164194261
3
9 111
3
9 175
9 257
2 0
4
2 1285802027
6 1022602519
2 1090268684
9 53
3
8 1088361116
9 327
3
2 1111093778
4
7 1246062457
4
2 0
8 1083723913
3
1 1170312316
8 1292945149
5
6 1138261488
2 1001911833
8 1031550823
9 256
1 1230419950
3
9 318
7 1070472946
1 1110760696
5
3
5
2 1128402685
2 1024368400
5
3
5
6 1082359167
5
7 1143131959
8 1221039767
5
8 1099617270
3
2 0
6 1077496059
3
8 1076407989
3
5
8 1000126828
6 1117088470
3
6 1143092202
4
5
1 1181997842
4
6 1176019553
7 1075813036
8 1040621518
8 1119290662
3
4
9 44
3
4
2 0
3
4
2 1014385585
6 1169488734
4
2 1123829974
9 95
8 1121292081
5
2 1072401286
2 0
5
4
9 319
7 1099427246
4
7 1118755699
9 103
4
3
5
4
6 1041716109
7 1163885805
2 1105345832
7 1225973104
5
7 1114377957
6 1092568179
9 5
7 1084376945
3
4
3
8 1165515208
5
6 1007782710
8 1257260166
8 1040146507
6 1088000121
4
7 1053285358
9 88
7 1008876295
1 1113077138
8 1104514333
5
7 1220959035
5
7 1012815095
8 1111667257
7 1094931448
9 118
6 1019051359
4
3
6 1158556352
8 1160324732
1 1058181299
7 1060647909
7 1035369755
8 1166675628
1 1082139732
1 1169187139
7 1202907291
5
2 1068794262
2 1119918281
4
6 1086847814
4
9 338
8 1117910943
7 1032003770
6 1065652644
7 1185148863
9 10
2 1003220999
6 1039170200
5
7 1309080659
7 1042069574
5
9 185
9 317
5
6 1182319562
3
5
8 1070421008
8 1198241307
4
7 1178506974
4
3
7 1045677861
2 1061104623
6 1127504504
4
8 1085441196
8 1030552316
5
3
6 1185765573
8 1100280836
3
1 1050829743
3
6 1065195719
7 1077268854
7 1166321372
6 1093556338
2 1164194261
8 1107726748
2 0
3
2 1108450758
3
5
8 1051414145
9 164
9 124
2 1033788655
1 1090547699
9 338
9 250
9 85
9 23
2 1036346312
3
7 1131469404
8 1192757810
8 1030912734
8 1242352890
3
8 1126028461
8 1122255286
3
8 1131550495
4
1 1046517220
6 1056927214
2 1008254465
4
6 1080482097
4
8 1018113556
9 155
8 1022214378
9 41
9 77
9 251
7 1197577771
8 1256869220
3
5
3
2 1307752948
2 0
1 1020267784
9 189
4
8 1107981323
5
6 1101056802
8 1188240438
7 1092440392
5
1 1036189232
5
4
1 1136159048
6 1098454808
3
7 1235189229
8 1163796894
5
1 1174153414
4
3
8 1039443795
6 1022177965
4
3
9 207
2 1008241966
6 1224464076
8 1162152279
1 1178217172
7 1154980260
6 1296458315
8 1187086781
1 1024801650
3
1 1061047634
7 1217513185
7 1017659029
4
3
9 159
5
9 317
6 1189132474
3
4
2 0
3
2 1237136220
1 1234851456
2 1230657278
8 1093378608
6 1094732711
9 122
8 1137724769
7 1016071195
8 1170621656
4
8 1099027662
9 97
2 0
7 1058723371
3
7 1082523929
7 1218446355
4
6 1039890411
6 1142091556
9 246
8 1039429056
7 1141882417
6 1116045616
7 1166652661
2 1053708689
8 1173501415
5
4
8 1157300302
8 1307492725
8 1017165186
5
6 1119953379
3
5
7 1204017374
6 1043089107
9 66
9 169
5
8 1089606314
8 1015631465
6 1071920910
9 93
9 313
3
6 1210259119
2 0
2 0
7 1243923425
4
3
7 1253864270
2 0
2 1049911903
3
6 1101979060
8 1221590797
3
1 1171825855
3
2 1164781881
5
4
8 1092000997
3
5
9 164
5
6 1220904473
1 1070609519
3
5
8 1001383921
2 1093843934
5
3
5
1 1054402471
4
2 0
6 1133872331
7 1050695416
4
8 1116462388
2 1033791763
2 0
8 1078642199
9 96
9 57
5
6 1283693611
9 288
6 1039154853
5
1 1257249792
2 1152031706
8 1040745347
5
9 55
6 1135765151
9 286
2 1114822830
6 1054277323
7 1061909031
4
7 1146252277
6 1157287623
4
9 65
6 1082720547
6 1111874933
8 1104091788
1 1039513321
3
7 1004274048
9 153
2 1120999861
6 1016395182
7 1060085886
3
9 307
6 1020136228
7 1169841789
8 1054951144
6 1090998361
2 0
5
6 1125161709
3
4
2 1036021960
7 1136943002
8 1036637987
7 1068977765
3
9 321
6 1111857784
4
8 1057700563
9 30
8 1277299396
6 1203344150
9 331
2 1071456348
4
3
4
7 1143808939
7 1127141668
7 1125406216
5
6 1056902247
7 1123298572
3
7 1176430600
3
5
2 1070609519
6 1104053848
3
4
3
4
6 1203614154
5
6 1211917015
4
5
2 1119926524
7 1164857421
8 1097380987
4
9 107
8 1024418920
9 63
5
4
9 34
6 1125601311
6 1038860389
5
1 1124390992
4
2 1099411295
8 1169941945
9 294
4
6 1270394632
7 1000059089
4
6 1138712937
4
5
4
9 44
5
6 1044659329
5
4
3
6 1119021581
4
5
7 1123070910
4
8 1050762658
7 1133666597
4
6 1030976477
7 1154919412
5
9 171
8 1268570930
1 1171225912
4
6 1226323156
4
8 1035342357
4
2 1176458825
3
8 1103973970
3
5
6 1103260825
2 1171825855
7 1189309755
6 1074867781
9 347
5
2 1078547550
2 0
4
8 1172157566
4
6 1094108277
4
8 1008277530
4
3
9 98
8 1163330346
6 1114250081
5
1 1135708075
9 106
5
6 1013010637
1 1251377891
2 0
2 1090547699
3
2 1010367577
9 3
8 1241962559
8 1027557899
2 1122553377
3
4
8 1055474808
4
7 1154694775
6 1229430090
6 1209210048
3
5
4
2 0
7 1029178004
6 1014469506
1 1060944668
2 0
4
2 1008254465
6 1033195711
7 1146973727
1 1165426588
1 1150785465
4
6 1185557847
8 1175800887
3
9 257
8 1027808138
7 1073437983
4
2 0
8 1052901613
4
6 1094042846
3
2 1009023447
8 1077811507
2 1182446510
6 1278617216
5
3
1 1090095151
3
4
2 0
2 1090095151
5
4
7 1099423599
9 317
3
9 143
3
8 1154041216
2 1030210411
4
9 21
5
9 198
2 1064087604
3
8 1001522917
3
1 1041892286
8 1139465628
3
4
2 1061593872
3
8 1119623639
1 1042517211
4
2 1080559772
9 40
3
5
4
2 1106610971
7 1060167357
4
6 1045168813
6 1049449420
4
2 1066323509
4
7 1099920629
4
8 1061319741
9 258
7 1038366874
9 234
7 1064730776
4
5
1 1002501635
7 1041592743
6 1176434802
2 1182446510
5
2 1043629086
6 1251707906
3
5
6 1018707660
2 0
1 1235272125
5
1 1067260254
7 1071786758
6 1037290426
1 1282862430
3
4
2 0
7 1031415138
2 0
7 1300608482
6 1014199383
3
9 69
8 1024324135
7 1173605626
1 1168295614
9 351
2 0
7 1063584396
9 274
5
8 1028585393
9 82
3
2 0
8 1145597549
2 1204010422
3
5
4
6 1009279671
6 1130193094
9 164
2 1224366633
7 1146472646
7 1152068937
4
5
3
5
6 1026190207
4
6 1293866158
7 1027985805
5
9 13
2 1134508519
8 1101711141
9 300
2 0
6 1054482576
4
3
5
8 1166640878
2 1126931172
8 1259413818
8 1059504240
1 1019750198
4
9 331
4
8 1131851339
9 271
7 1114490358
1 1002639468
8 1086777644
2 1144419122
5
1 1268978180
9 192
9 291
8 1009127941
5
3
8 1000066202
2 0
2 0
5
9 35
4
1 1229550426
8 1042919245
8 1130177167
4
3
8 1118196099
2 1041892286
9 184
8 1141409488
7 1000323450
3
5
8 1124101838
1 1002419699
2 1058922648
7 1160127822
9 290
7 1121890229
6 1093208384
3
5
6 1164317869
4
3
6 1133916966
7 1108958109
7 1048201290
6 1307362483
1 1142988306
2 1171225912
3
7 1161938109
7 1067573474
9 196
3
2 1238853696
1 1027970486
8 1237338477
1 1031329834
2 1230657278
8 1126887444
3
6 1237724258
7 1040474795
1 1077882214
5
2 1230419950
3
4
5
8 1068791302
4
8 1060481671
5
3
4
6 1076069757
6 1132115532
7 1039640580
9 77
8 1048355266
9 32
7 1013631701
3
5
7 1075443585
2 1230419950
3
9 229
6 1076616191
5
9 54
1 1073265113
6 1261405819
3
4
1 1002383132
2 0
6 1274638336
6 1018450149
5
7 1233817383
1 1183409896
7 1158723466
9 160
2 1154701187
2 1078547550
6 1260158253
1 1065331386
4
6 1209113555
4
2 0
8 1092019471
5
1 1139309403
8 1002218273
1 1062100062
5
8 1020819695
7 1073811351
3
2 1224366633
8 1081955717
3
6 1179307515
8 1083895906
7 1141260332
1 1107753508
1 1186633733
2 1010861604
9 52
3
9 204
2 1117949247
3
7 1203211749
4
8 1256632200
6 1026540240
1 1055368494
3
9 354
5
2 1176205201
3
9 1
7 1181047050
7 1060455519
8 1003140993
5
3
4
6 1087378431
7 1158268349
7 1261145529
9 283
6 1078716747
4
2 0
6 1126890927
8 1162911912
4
7 1029291251
7 1054326813
8 1155500134
9 311
8 1064762860
2 1073956292
7 1050891945
6 1119743677
5
4
1 1074375071
9 16
7 1003429512
6 1073551231
1 1186550616
9 320
1 1075660797
7 1161013614
2 1229375945
5
1 1242472190
8 1062993527
3
2 1221581707
2 0
7 1054060233
9 171
3
6 1135330448
3
8 1249559391
1 1041982566
2 1031329834
7 1140653791
4
7 1192006467
3
7 1098670430
7 1129311560
2 1097760157
4
5
3
5
2 1117411563
6 1187732473
7 1216578669
5
6 1164795986
9 227
8 1132447145
7 1109664930
5
6 1213565811
5
8 1154308993
1 1047988001
1 1110607378
7 1119681254
8 1072112307
4
6 1116018195
6 1084076532
6 1142726055
8 1070351184
1 1020266466
9 34
8 1077704433
1 1184803780
2 0
2 1170202942
4
2 1150691640
3
8 1009369277
2 1072792394
4
3
8 1187201042
1 1130401139
2 0
3
2 1020267784
1 1001808059
4
2 1224366633
8 1117756074
9 212
2 1000175809
7 1236470285
9 118
9 353
8 1148473188
4
3
2 1077467325
8 1058113594
5
9 299
4
7 1139830808
1 1001526802
7 1090613992
3
6 1075021136
7 1101300170
2 1000764908
5
9 315
2 1108068042
2 1193840423
7 1165045878
5
3
1 1004229386
2 1035204522
9 102
5
2 0
7 1142078359
4
2 0
5
1 1115338614
2 1010770390
4
7 1048716008
9 389
7 1060214238
8 1113436161
6 1028093170
7 1114371588
9 305
4
5
3
8 1010380001
9 136
2 1001526802
4
2 1173110804
2 1117060343
9 61
2 1088661082
3
7 1090149791
9 256
6 1074351498
2 1118451425
3
7 1002840337
6 1034346710
8 1070917743
9 298
8 1003673189
5
7 1000616493
9 37
4
1 1060700767
2 1132969016
5
7 1100423369
7 1095820506
8 1206506326
2 1307605785
9 7
2 1008254465
3
5
8 1123133320
6 1254583050
7 1211985340
2 0
8 1072398575
5
3
5
9 282
3
6 1051063408
5
2 1115338614
7 1094355907
7 1079305404
6 1121558225
4
3
7 1011481602
7 1070744248
6 1093458672
2 1042067328
6 1058706527
9 131
9 182
4
8 1127781572
9 25
9 275
6 1015458314
6 1065791229
1 1032849479
5
2 1090095151
5
8 1138232484
2 1182446510
3
5
6 1232990499
9 168
7 1033531903
4
3
6 1170308759
4
7 1031665001
3
4
1 1038099985
3
9 279
8 1026480977
5
3
5
8 1169549788
7 1049585024
6 1055213950
7 1008684179
1 1047211034
3
1 1127913557
9 139
7 1256992639
7 1243252668
3
1 1076057122
3
5
2 0
6 1220248148
1 1027545824
8 1134720824
2 1049937884
4
7 1032792027
1 1273018004
3
4
3
9 229
9 218
8 1004295185
6 1062994972
4
1 1111388360
6 1076514167
8 1060748375
3
7 1150468657
1 1193982157
5
3
7 1258430240
4
9 69
9 55
7 1149666825
6 1137801020
7 1154948145
8 1189902231
9 86
9 338
9 56
7 1116389386
3
9 42
4
2 0
8 1038045767
1 1073153652
4
9 206
4
6 1259427794
9 240
5
2 1017332949
3
7 1127464351
6 1019345700
7 1102760786
2 1088233461
9 130
8 1003841437
6 1066779308
4
6 1016153559
3
2 1001911833
3
9 267
6 1065388155
2 0
2 1237136220
4
7 1091459270
1 1104323526
2 1207359494
7 1136963852
5
3
7 1112500491
7 1041880541
7 1096808136
3
2 0
6 1178927343
4
8 1047416691
8 1087876531
3
6 1049380071
2 1139498309
3
4
5
4
2 1229550426
7 1014822580
4
5
8 1035488084
6 1039519104
9 307
2 1085133085
7 1044722852
5
3
9 54
8 1042087052
2 0
7 1132227576
4
1 1017344459
5
9 211
2 0
7 1207498876
3
8 1170239112
8 1210817395
4
1 1021536722
6 1264659658
1 1018329568
3
5
4
2 0
3
9 327
8 1155466991
2 1173968055
8 1028657132
5
2 1244465767
6 1015625785
2 0
4
7 1050013586
3
9 22
6 1038154545
6 1169609888
7 1196561861
6 1217052695
2 1166059686
6 1017058240
7 1014190558
6 1246932250
8 1130281104
6 1092519942
6 1102110196
7 1040596755
8 1230123441
7 1188433641
7 1026342420
9 164
7 1082349757
8 1086993241
2 1149952133
3
5
7 1095158824
8 1006181697
7 1051054853
7 1082316571
7 1212113711
8 1005817244
1 1173425532
8 1111421636
4
9 351
2 0
7 1110025127
7 1234928255
8 1261274111
5
7 1124433766
1 1090328763
1 1011859188
5
8 1013450546
2 0
3
6 1096202712
7 1176492827
3
6 1161623903
9 362
5
9 157
5
7 1003700108
3
8 1120276688
8 1044763344
1 1107568201
7 1160086886
9 214
4
5
1 1174496432
1 1009128626
3
5
6 1190492721
4
5
8 1125832925
2 1010467799
5
3
7 1173232303
6 1051829843
4
7 1043881151
5
8 1015100796
3
4
1 1049769807
8 1104082731
3
5
8 1083922840
8 1161830929
5
2 1021536722
7 1212662605
7 1010796981
6 1032071126
3
2 0
1 1074272691
4
1 1123603019
3
9 178
8 1156204494
8 1079588835
7 1115904154
4
2 0
1 1106511776
6 1156998534
7 1207741018
2 0
5
3
1 1125354118
8 1067718555
3
7 1002092231
6 1230060961
2 1025176282
3
8 1058066141
7 1091350936
3
9 408
7 1078456891
2 1222018528
3
2 1054402471
9 236
9 307
3
2 1184113628
1 1091479447
2 1071456348
1 1041563023
6 1067477913
2 1004229386
2 1162216791
1 1029039856
4
7 1099622816
8 1107107148
4
9 137
5
7 1168799392
2 1063534023
6 1214724274
1 1214732320
4
3
9 232
3
5
8 1029630269
7 1023260152
6 1168577555
7 1232825890
9 431
5
9 377
2 1240370234
7 1095916460
9 48
2 0
7 1141267360
4
3
8 1226065780
2 1021487964
5
6 1150716907
6 1217305990
1 1119021897
8 1063683204
9 266
1 1171584518
2 0
4
6 1061287833
2 1067412678
6 1163555284
1 1075551755
3
4
3
8 1130322906
2 0
1 1143741236
9 156
5
6 1110011833
3
9 18
1 1183106829
1 1136151150
6 1137484621
4
1 1087026317
2 0
6 1007929611
2 1030962216
7 1026187232
2 0
7 1050240819
3
8 1089370040
9 341
8 1141341575
5
6 1053598919
6 1022490766
6 1169639005
2 1122353790
8 1000609546
6 1109687600
7 1000177355
6 1045123942
8 1021898490
6 1018152501
2 1042067328
2 1021277765
1 1042052579
4
5
3
8 1011445296
9 122
2 1125354118
1 1121052552
5
1 1086552008
2 1008667322
4
8 1184060703
2 1033089629
8 1094375128
5
2 1129735915
2 1010798164
1 1215177481
1 1024180217
6 1028622699
4
8 1173547376
5
2 0
1 1008889955
8 1151849163
8 1285636340
2 1002501635
3
6 1020805006
7 1006454936
9 22
9 415
3
2 1104323526
2 1264288823
6 1007547579
2 1002639468
4
7 1202986548
1 1034347661
9 266
6 1151365963
9 285
4
2 1090268684
6 1292619985
9 79
7 1006821410
3
4
2 1242472190
3
9 140
1 1020531905
8 1200547095
6 1204250236
2 0
3
1 1020962679
6 1003964894
9 205
8 1096941369
1 1077293906
2 0
2 1021536722
5
1 1228867494
3
5
6 1029566840
8 1081946327
8 1144712289
5
9 427
8 1031106629
2 1070609519
7 1087324519
8 1010888528
7 1250591617
6 1003729206
5
1 1087195892
3
6 1121412561
3
1 1188711658
1 1266016783
5
9 103
6 1063835131
3
8 1188195869
4
1 1013702070
3
7 1029774088
1 1020172164
9 199
4
1 1131886566
8 1119588322
2 0
9 122
3
6 1044632407
5
8 1005160791
9 193
6 1049187853
7 1106770011
2 0
3
2 1164781881
1 1222522095
2 1060700767
4
9 38
5
8 1024671592
9 211
4
8 1058997010
2 0
5
7 1166970047
8 1174310825
5
8 1131298230
5
2 1060944668
4
3
8 1142208540
3
1 1058797467
5
6 1028026884
5
3
2 0
1 1067841141
6 1122178815
7 1116765491
3
8 1123471660
5
2 0
4
2 1222018528
9 17
8 1003344158
2 1176019169
5
6 1155503163
9 393
4
5
3
5
9 124
5
6 1181830980
6 1010517106
3
5
2 1089900917
1 1023212307
5
6 1103199963
4
3
7 1075797298
2 0
5
7 1153783194
5
6 1086516609
2 1000451848
7 1076637418
9 29
2 1169003947
3
6 1032098235
9 306
2 1016733851
2 0
4
9 81
2 0
3
8 1003300049
5
1 1034539196
7 1022713755
6 1116752794
7 1099634964
3
8 1039616537
9 36
5
9 221
4
3
9 318
5
3
2 1110760696
3
4
8 1024342979
8 1004451545
7 1201890204
1 1226081309
1 1012731044
9 206
8 1153835283
8 1105621115
6 1146228006
3
2 0
8 1012822576
8 1021739321
1 1141260191
1 1034570554
4
5
7 1095096151
7 1107802633
8 1267011403
5
6 1066445147
2 1007882979
4
8 1097448789
4
2 0
3
5
6 1081829107
4
6 1246650573
2 0
2 1034570554
8 1071990040
1 1212152988
4
3
7 1096774698
6 1047250972
7 1100776380
6 1113842332
3
9 75
5
8 1102859801
2 1015919990
7 1057637210
9 354
9 28
2 1188836477
6 1060627154
9 25
1 1214429474
5
4
7 1102514102
5
6 1097061913
5
2 0
7 1002090889
8 1017381312
5
7 1118017860
5
6 1208008519
2 0
6 1034032255
2 1023212307
4
9 231
3
5
4
3
9 238
7 1053521034
7 1083757027
5
8 1013746579
1 1151433808
4
7 1133110665
4
3
6 1026759077
1 1099694312
4
2 1004915914
8 1057888469
4
5
8 1003261046
2 0
3
7 1268823284
6 1242696815
2 0
1 1070170356
6 1276978305
1 1161312449
7 1177471283
2 0
7 1021448068
2 1015388791
9 442
2 1128402685
7 1072901250
4
6 1016990565
4
6 1065437195
3
1 1142890503
7 1095349388
2 1053355358
2 0
4
7 1287475777
5
2 0
3
9 375
8 1251551929
8 1045277497
9 332
6 1029443531
8 1073666633
7 1059852765
9 85
7 1092947737
9 155
3
2 1098833443
3
1 1135005988
4
8 1125110050
9 105
8 1262594347
1 1055489839
7 1140142470
8 1032011534
2 0
3
1 1150681208
3
7 1033011934
5
6 1293216995
9 71
7 1276057687
7 1164450251
9 61
1 1038187332
4
3
2 1097760157
9 173
3
6 1253592941
9 412
9 183
4
5
3
4
8 1157499326
3
5
9 270
7 1008823109
5
9 36
4
7 1019261525
6 1121715458
6 1015696711
4
6 1105136623
4
6 1178159740
3
5
9 321
6 1009145069
5
7 1048368946
5
7 1269955522
8 1096284402
8 1129972014
9 93
8 1194909912
9 297
5
8 1236476933
7 1100052394
3
9 416
8 1213057088
8 1192371240
3
9 54
6 1235769638
3
1 1074086371
5
2 1108068042
9 137
3
2 1017225167
4
8 1178589561
7 1091845534
7 1233646414
7 1042861180
2 1207359494
1 1063877690
5
8 1107491416
5
3
7 1030339867
8 1164627277
5
2 0
6 1148312144
8 1173089037
6 1138913875
9 457
6 1070477470
4
5
7 1040841406
9 416
4
2 0
3
6 1008422083
7 1027820168
6 1025557218
2 1088661082
6 1007068742
4
7 1102803361
6 1057451835
4
9 135
9 167
7 1069032557
2 1039513321
8 1027367848
9 457
6 1216973609
3
6 1012650624
3
9 103
7 1056160607
4
8 1222643841
2 1002419699
6 1272468436
2 0
9 199
6 1045211445
2 1245554288
2 1042517211
9 331
3
5
6 1124531020
9 78
6 1091805973
5
6 1014578772
3
7 1042186469
4
6 1264568534
4
6 1023602889
1 1034630146
3
8 1065862360
7 1118545195
9 245
9 345
9 248
6 1021969202
8 1209367713
5
4
5
2 0
1 1116812366
9 156
8 1015871902
8 1118643591
9 319
7 1163638850
3
2 1075660797
5
8 1005512011
6 1082042668
7 1097374069
2 0
3
8 1165840525
7 1202617439
5
9 258
2 1121052552
8 1152593678
3
8 1237987081
7 1049290048
7 1041617328
9 47
4
2 0
8 1125696524
3
9 415
8 1010263422
6 1185773556
8 1195361172
6 1051601162
9 111
6 1061261227
6 1052897035
2 1136159048
1 1199505171
5
8 1010460080
4
7 1128428019
5
2 1017332949
9 408
3
8 1175352925
5
1 1199270407
4
9 382
4
6 1042041283
6 1120529258
9 163
8 1039659669
7 1054581045
2 1173425532
3
1 1012925769
3
9 362
4
6 1080527530
8 1093730360
5
4
2 1129774632
3
6 1057260165
2 1155487282
5
3
1 1001939323
9 243
5
1 1101691813
9 383
6 1168733551
7 1252212294
8 1036597619
2 0
4
1 1118439012
5
9 116
3
2 1107753508
6 1024785175
9 76
4
9 141
5
3
5
9 380
9 112
8 1109124851
1 1256972462
6 1049301792
5
1 1124636704
8 1214861446
2 1134114908
2 1020172164
2 0
7 1293572723
3
7 1134996144
7 1062767503
5
2 1030629991
7 1089001225
8 1050693420
6 1025422182
6 1059580803
9 375
3
2 0
6 1109630977
7 1080368628
2 1035204522
3
8 1123599164
5
8 1281841323
5
6 1054972166
3
6 1077051106
5
2 1125354118
3
8 1076651294
4
6 1044411626
5
8 1133059167
4
6 1067347194
6 1223118777
7 1072102471
9 91
3
2 1075596201
7 1003857679
4
2 1107568201
6 1042882810
4
5
4
9 421
8 1263769195
7 1104176694
8 1129886129
7 1076212451
3
2 1036189232
2 1010467799
2 1182284570
6 1030204326
3
7 1062570826
1 1032387960
4
3
6 1033922006
1 1103552727
9 383
3
6 1005249043
2 1130401139
2 1037176764
2 1083544017
8 1064720685
7 1017408190
7 1194923090
2 1162216791
4
6 1118208296
1 1043709395
1 1041562301
6 1203289186
2 1134508519
4
2 1168192988
6 1065175934
3
7 1203204648
8 1096641890
3
5
6 1036093188
7 1131577011
9 221
1 1156330635
4
1 1047949395
7 1285669836
6 1107470010
4
3
1 1244062314
8 1087753620
4
3
7 1041053361
5
6 1059178397
2 0
4
5
2 1042517211
5
8 1031293022
3
8 1003623082
9 287
9 308
8 1006199660
2 0
2 1100646660
6 1198934981
6 1159935649
4
3
1 1204422478
3
9 414
7 1175007680
2 1053355358
8 1025047801
7 1007328366
3
1 1005519561
1 1055510015
1 1072592447
3
9 26
8 1143671758
8 1242351662
6 1261248745
2 1228001351
4
8 1165621087
5
8 1064656497
6 1106887917
9 195
8 1049026266
3
6 1014534811
7 1066892468
4
3
4
8 1109550352
1 1030177324
9 246
4
1 1174024657
8 1094654227
7 1042906923
8 1062800509
6 1085493952
9 476
8 1173551476
9 47
9 361
9 476
3
9 34
6 1079828481
4
9 216
5
7 1101622789
6 1017742233
9 22
5
2 1164194261
2 1105345832
3
2 1098833443
6 1104057096
8 1034915420
6 1086975575
7 1101930109
7 1295911410
6 1044840435
6 1089462534
9 67
8 1159402360
7 1049803251
3
1 1149154854
7 1292597641
6 1190858421
5
3
8 1175763938
3
8 1206371226
8 1262054826
4
7 1160624003
3
9 377
1 1198059723
8 1111025356
8 1123708620
9 129
4
1 1004024471
7 1003933968
7 1040808142
4
5
2 0
4
2 1186550616
8 1061994823
6 1136619840
2 1156330635
5
9 91
3
2 1143741236
2 0
6 1012573495
5
2 1029039856
1 1163730769
6 1035151428
1 1083329231
9 374
6 1259023559
8 1099101397
4
5
3
8 1080651473
3
7 1005916597
9 474
1 1046369514
6 1138387597
4
2 1055991746
5
2 0
2 1255993703
1 1119919742
4
7 1010847773
9 376
4
5
1 1093605520
6 1074909726
2 0
4
1 1100747473
8 1121932204
9 84
8 1056829743
5
2 1153763331
2 1131886566
6 1014069720
6 1028040963
3
5
4
3
9 458
7 1192084914
5
3
6 1072941243
3
6 1149695355
1 1204834659
2 1307605785
3
2 1171825855
4
7 1128300798
7 1010042324
9 25
4
6 1142656642
5
4
9 146
8 1222203861
9 364
4
8 1008646447
4
2 1167712297
3
5
7 1007971931
7 1025842094
3
2 0
6 1078848618
1 1079043106
1 1028229383
6 1136878900
3
4
6 1241691620
8 1259101333
2 1144725389
2 1173425532
5
3
2 0
8 1084342641
7 1107089251
4
6 1178942001
7 1046820443
1 1011078874
4
3
5
6 1164541368
6 1200247359
7 1181000163
4
1 1099931616
7 1054537538
6 1175849981
8 1059165331
3
6 1261632546
9 90
9 275
4
9 362
7 1139496246
1 1003081820
9 264
7 1191572191
4
7 1042505948
3
7 1257264086
9 99
3
2 1294389624
2 1048644311
8 1143152518
5
3
7 1152687158
5
3
8 1034963715
1 1001286734
6 1004988280
9 351
7 1034243194
7 1016714495
6 1096151922
5
7 1194424569
6 1055213848
3
7 1018897825
5
6 1035072767
3
7 1043553625
4
7 1036966276
1 1089972144
7 1156578384
9 146
4
3
7 1284937479
6 1059374027
3
2 0
2 0
1 1248498439
8 1110757706
7 1085219352
3
1 1103382641
6 1125878496
2 0
1 1099747329
6 1098431557
6 1059316055
3
5
6 1013540576
9 323
4
5
6 1146666359
9 2
2 1020531905
2 1047949395
8 1019482160
6 1007390304
3
5
8 1106750308
3
7 1052610573
9 146
8 1031770764
4
7 1144144116
6 1106852060
9 15
8 1019424255
8 1146604674
5
3
8 1065009921
3
8 1003694380
9 430
9 90
7 1140532490
5
2 1155487282
9 48
6 1192148724
2 0
7 1021615073
9 471
2 0
8 1118662074
2 1117425102
4
1 1048510215
8 1008024107
4
2 1048084637
6 1085440739
2 1119021897
6 1033574313
3
5
2 0
3
6 1119262326
8 1231404291
7 1283526182
6 1053736118
9 467
4
3
4
8 1186954821
9 126
6 1184272944
6 1073455307
5
1 1135765964
4
1 1030372339
6 1046393770
7 1185175187
2 1082268380
5
6 1116819668
5
4
7 1053402865
5
4
6 1026026536
6 1220074671
7 1190088749
4
7 1104032496
4
7 1167499295
9 281
8 1068354842
2 1253353952
8 1216179493
9 447
4
8 1217646512
2 1176019169
3
6 1033737707
7 1218378304
9 474
3
7 1082498653
9 18
1 1286450226
5
8 1021243260
7 1146498150
7 1112992586
9 16
5
7 1135239049
6 1024428186
5
7 1167538674
9 86
1 1035492110
7 1297983931
2 1075596201
2 1028229383
8 1056875577
5
6 1037061346
9 415
3
8 1093362975
6 1130303632
8 1118434757
2 1106511776
4
3
6 1166990494
1 1031196005
3
2 0
9 189
2 1088299033
9 352
6 1088396768
4
8 1080751745
4
7 1052379906
3
4
7 1112960254
6 1015472789
6 1176185589
5
2 1047056853
4
3
4
9 474
5
3
1 1181093931
5
6 1287866611
7 1009867389
8 1110737710
4
3
6 1144823526
5
7 1093265387
8 1211638342
7 1130000311
4
6 1140442010
1 1308530352
4
5
3
6 1071960308
2 0
1 1218668469
8 1165037837
3
6 1247724337
8 1099114205
5
1 1188949156
6 1189366212
9 370
4
5
6 1065532529
3
5
6 1062181653
6 1088490809
6 1025819267
7 1047232913
2 1089972144
9 20
7 1056248721
3
6 1205611920
4
6 1016760094
9 141
6 1129850576
2 1074375071
2 1081937607
9 52
6 1046102433
9 450
3
9 508
9 278
3
4
7 1147639043
1 1128703461
8 1071800078
6 1174214157
4
6 1239086162
8 1054253518
2 1164781881
5
6 1124155920
6 1009564525
5
2 1098833443
3
5
6 1082810180
3
2 1080559772
2 1125354118
7 1136033333
2 1195390509
9 197
4
9 63
7 1272774710
4
1 1196657217
8 1015994427
1 1139060203
6 1208406660
5
2 1184803780
2 1037147594
8 1072804624
7 1243709593
2 0
8 1232035339
3
5
7 1191480413
7 1093374123
6 1058780948
2 1001939323
7 1102612155
7 1260569151
6 1145084582
2 1168885495
8 1039779473
3
7 1151208564
7 1280623599
1 1158826971
8 1069457300
3
7 1060112660
4
3
2 1087224229
8 1112301682
7 1088456165
5
8 1144649012
9 98
2 0
5
6 1006473276
2 1088233461
7 1018638578
8 1227595280
7 1309247291
5
9 184
4
5
8 1050473748
7 1040478288
7 1121206538
6 1150495389
7 1028404184
6 1159699287
3
8 1251206008
3
7 1057242751
7 1036357615
3
6 1086883445
5
7 1055156634
3
2 1034539196
9 444
6 1013666142
8 1108307508
2 1141875205
9 235
2 1212152988
1 1007178212
2 0
8 1275702660
2 0
1 1016204241
2 1036940632
8 1081190199
1 1217117552
8 1034258595
2 0
6 1128209400
9 448
9 379
5
1 1281831741
7 1048739713
9 388
1 1057774345
2 0
9 98
6 1220380191
8 1238893901
7 1252798266
7 1067412802
6 1145128259
2 0
6 1022712003
3
9 348
8 1056918877
2 0
4
7 1062334309
2 1020266466
9 10
7 1028105938
9 203
9 33
3
4
5
2 0
2 1061593872
5
4
1 1065280085
1 1010406163
3
5
2 1015388791
4
1 1244793318
2 1158447308
2 1052864700
2 0
7 1311382733
2 1060700767
6 1093874132
7 1248473359
6 1231840183
4
8 1053024570
2 1001939323
5
3
5
6 1018861031
3
4
7 1204588036
2 1101957055
3
1 1006857117
8 1001149309
5
9 447
8 1037841531
2 0
3
8 1186167231
5
2 1174153414
8 1109586360
8 1017173780
4
5
9 387
2 1010406163
4
9 442
3
4
5
4
5
3
7 1032172517
5
7 1058744397
7 1016107443
3
5
6 1083043814
3
7 1126200868
4
1 1122995868
9 113
7 1043552744
4
9 107
4
9 112
2 1062100062
7 1079997024
5
6 1088436393
3
8 1057274283
7 1052376612
4
2 0
7 1066450285
4
2 1033089629
6 1172984710
5
2 1033520581
8 1068974148
3
6 1030030051
7 1048961866
9 433
2 1268978180
3
1 1073168101
9 386
7 1261734717
6 1083470768
3
6 1056021582
4
5
2 0
2 0
1 1123732687
7 1067310634
4
8 1043399140
9 224
9 273
1 1074298007
8 1105501245
8 1071981883
5
3
8 1016436994
9 24
9 459
7 1031894384
5
9 172
3
2 1007543753
8 1116257555
7 1158002515
7 1031440692
9 472
4
9 88
8 1090238670
9 53
2 1183409896
7 1049200291
3
8 1078108702
5
3
7 1078088127
7 1025451520
7 1034937732
5
8 1091352000
6 1089744669
1 1063813489
4
6 1290532501
6 1006340898
4
7 1075426535
8 1070128912
5
1 1040700064
4
8 1024736281
6 1059273001
3
6 1122775075
9 187
6 1023551289
8 1042868490
9 121
7 1221588665
9 140
4
1 1088596071
8 1004976526
9 182
1 1168116939
6 1058761446
6 1086300520
4
3
8 1210841059
2 1048084637
9 124
5
8 1252050150
5
1 1146908248
5
4
2 1021362183
3
8 1032428689
8 1062424892
1 1085191372
6 1147071307
7 1134752362
3
4
5
8 1112069332
9 462
1 1172305756
6 1173404529
6 1025555668
6 1268897736
4
3
6 1076513402
9 51
8 1002541800
7 1085173437
3
5
9 431
9 240
9 507
2 1010770390
5
8 1170317628
5
1 1264097463
7 1087286109
2 1061593872
8 1145876549
6 1001921809
8 1178481871
9 523
3
5
6 1082269215
1 1237255001
3
2 1220232551
6 1004039505
6 1001593246
3
2 0
4
8 1123183176
2 1105345832
9 550
4
3
2 1047949395
6 1101504719
1 1223378445
6 1054657055
4
9 241
4
2 1017356780
4
8 1005214191
9 483
2 0
9 391
3
7 1103991247
9 210
4
9 208
3
9 443
7 1203911259
8 1139462717
7 1196731564
4
3
7 1168209073
1 1071928008
9 533
2 0
1 1055273283
7 1073403320
2 1004771131
6 1080472338
9 51
5
7 1260534399
6 1152583136
3
5
2 1046369514
7 1217254694
4
9 97
2 1099931616
4
8 1136236098
6 1010961859
7 1154878909
4
1 1040131719
9 554
6 1096253003
8 1087624156
4
9 357
5
9 512
3
8 1141350906
3
6 1016221303
2 1004235676
9 252
9 201
7 1025481921
7 1271080452
7 1005709480
3
9 428
2 1100219337
6 1201784196
3
6 1009614512
2 1062100062
3
1 1203334018
7 1016373910
3
2 1034570554
4
5
9 113
5
9 120
5
3
9 483
1 1099750414
2 1234851456
3
1 1128756501
7 1114091953
3
2 0
9 200
5
6 1019294433
2 0
7 1226342409
6 1088570064
1 1016000934
3
7 1005478293
4
6 1146504456
7 1118358072
3
4
8 1257813546
5
8 1045649535
4
6 1069069155
2 1008889955
4
3
2 0
4
9 242
1 1154605430
1 1202948685
1 1142093515
2 1041563023
8 1207536790
3
8 1159924782
6 1091756495
4
5
9 524
1 1105170391
7 1056031369
3
5
9 163
8 1312360404
5
6 1069965910
7 1104171604
3
5
7 1257958270
4
2 1010367577
7 1195271238
5
9 64
3
9 144
4
3
2 1072401286
3
2 1141260191
1 1166676422
3
7 1090226495
8 1069339609
5
3
1 1218143567
8 1076608601
4
9 553
6 1054363248
7 1120492801
9 2
9 67
2 1010770390
3
5
6 1271737539
5
6 1038619506
2 1170202942
4
1 1150938515
4
3
1 1015895556
3
6 1040572309
6 1177079821
8 1014280978
4
6 1066514517
8 1020838220
2 1139940148
8 1028713967
1 1016776571
8 1075005200
2 1139845543
3
4
6 1172216087
3
2 0
9 361
9 297
7 1010869013
6 1151095425
7 1011053393
3
8 1145076484
4
2 0
1 1073185281
6 1057311117
9 268
2 1009862090
7 1202901368
6 1056947194
8 1061792211
5
4
3
7 1119340088
7 1008809276
7 1209054762
9 397
9 94
9 315
6 1194706418
5
4
6 1008074148
5
6 1098094935
9 248
3
2 1007882979
6 1064860519
8 1080662335
3
2 0
7 1085399090
2 1010770390
9 10
1 1151261691
7 1073083735
9 297
7 1018186816
5
7 1039020381
9 451
4
3
9 233
7 1118459698
4
3
7 1025576516
4
9 531
4
5
4
6 1090808642
6 1067230536
9 148
9 504
7 1187121399
5
9 92
1 1093604556
2 1174676483
9 161
4
9 471
9 174
3
7 1094822843
8 1067013940
8 1201175719
4
5
4
5
6 1263588543
4
1 1100176462
8 1047048556
7 1149962630
8 1160366557
6 1197708975
4
9 147
9 483
2 1154289397
8 1152458839
6 1023683150
7 1100330035
4
7 1247629812
8 1040795918
9 229
2 1016000934
6 1005091015
8 1111856333
7 1012491798
2 0
8 1040391961
6 1090193948
8 1015673742
9 235
9 433
7 1157797186
3
7 1067665838
6 1136101259
8 1129002662
1 1051155251
2 0
7 1029080936
8 1066271876
4
6 1105146011
2 1252282058
7 1217465690
7 1067836262
6 1293583617
4
6 1144919670
2 0
7 1246730510
5
2 1176458825
1 1159586893
1 1044398883
3
2 1154605430
8 1059180582
7 1105894178
6 1036530707
7 1044538568
7 1206744135
9 438
4
3
2 1139060203
5
7 1107178934
8 1046963975
9 429
7 1060681405
9 378
9 567
2 1078229876
6 1029207890
4
2 0
2 1076057122
7 1130246658
7 1028361552
5
9 49
7 1002338916
6 1259893240
6 1105608336
6 1194591398
7 1012144760
6 1065931226
4
2 1072585499
9 358
3
5
2 1148759337
2 1033788655
1 1066784780
8 1110936391
5
8 1171952364
2 1088661082
2 1077293906
5
3
9 453
7 1066636926
7 1106736534
9 372
8 1098017887
4
5
8 1116175324
8 1144886139
9 30
1 1118944377
4
6 1020554860
7 1160512390
9 456
2 1040131719
4
7 1041143556
9 102
5
6 1051100467
8 1184326256
4
1 1102811836
1 1006046983
3
7 1137820950
9 66
5
6 1195959634
3
9 500
2 0
1 1042645655
4
8 1211894153
5
8 1002395640
3
9 6
8 1177879178
9 502
4
9 479
1 1029562702
2 1282727519
1 1136490848
1 1034962405
4
7 1052571437
8 1157132905
5
6 1007050536
3
6 1185956449
4
2 1149952133
6 1002092355
7 1021207429
7 1024316037
1 1122126035
4
2 0
6 1133126386
8 1120670373
2 1122353790
8 1173821377
8 1174559719
9 402
4
5
6 1015671771
1 1001219022
8 1192950198
9 64
7 1120200690
7 1234695539
9 78
7 1234604372
2 1073153652
9 85
5
8 1215381119
3
6 1191020592
3
9 155
7 1112190034
3
8 1121517201
2 1143741236
9 151
2 1020316923
9 573
1 1127796934
9 355
3
4
7 1227299275
3
9 464
4
2 1171825855
1 1015335684
4
3
5
4
2 0
9 386
2 1087026317
3
1 1170204369
9 452
9 3
8 1268522630
7 1037664899
5
4
6 1130792561
3
6 1216668673
8 1210116355
3
5
3
4
2 0
8 1131429549
9 437
4
2 1028229383
2 0
3
9 403
2 0
9 435
8 1083510687
3
9 476
3
7 1051934779
8 1201783675
1 1188467515
6 1195196847
1 1040114068
6 1027914955
1 1042099690
7 1200666957
5
9 399
3
7 1030133864
4
6 1174090776
4
9 37
5
3
9 273
4
2 0
5
7 1100677485
8 1279253955
9 54
9 483
1 1113873771
9 521
2 1202343843
8 1020639205
3
8 1063631403
5
9 578
7 1031717881
4
6 1191576407
4
5
2 1037147594
6 1051599455
2 0
7 1053644739
4
5
7 1025862202
9 506
2 0
1 1029023171
4
1 1158827355
3
8 1003789843
5
8 1005953231
8 1105900237
6 1077161757
3
9 519
7 1173592475
4
5
8 1047210969
2 1009862090
7 1100675377
1 1001058603
6 1119255456
5
2 1037176764
7 1078203265
6 1267181126
4
3
4
7 1157787490
8 1060004017
7 1306210754
4
3
6 1260983724
2 0
7 1023820269
7 1050423640
2 0
6 1112759125
4
8 1077808397
2 0
8 1134519064
7 1137563728
9 403
5
7 1185912120
5
3
5
2 0
2 0
1 1013572551
9 574
7 1188780866
1 1049611975
8 1017487826
7 1167527970
3
6 1004599850
7 1100096114
8 1001012105
3
5
6 1033531198
3
8 1148894531
5
7 1259060179
5
3
4
3
5
8 1132060240
1 1056452756
8 1124887711
7 1172096703
6 1028341550
4
1 1056275592
8 1006334876
7 1102885888
1 1055217394
5
3
2 1019786363
6 1213942882
4
2 0
2 1123829974
8 1004438515
4
3
9 289
5
3
8 1067204497
1 1171872092
7 1102604804
5
6 1013188076
9 64
2 1174153414
8 1045918993
8 1017421430
8 1136997050
7 1013134944
4
2 1242880752
9 40
9 28
2 1041690153
6 1281425913
3
8 1190767449
4
3
5
8 1207150117
3
5
2 0
8 1196051729
4
9 293
9 380
9 524
8 1012470537
9 164
6 1038456731
7 1212755133
7 1028539744
4
2 0
3
5
9 511
4
9 602
5
8 1025777944
2 0
3
7 1140691829
4
3
5
9 545
8 1013434643
4
7 1113317887
2 0
6 1149799397
8 1163779403
3
6 1029232493
3
7 1073678671
3
8 1160903271
2 1012925769
7 1197554956
8 1090921201
8 1127917904
4
5
9 231
7 1119796680
5
9 118
4
8 1174053479
4
9 277
8 1008951748
6 1054259378
7 1156491296
2 1100176462
3
1 1048746868
5
9 48
2 1123603019
3
6 1231529369
5
6 1046201054
6 1096503941
7 1128896497
8 1119227296
9 516
4
3
9 520
4
7 1204766331
2 1061047634
7 1040206877
6 1099855490
4
5
7 1240494657
2 1012731044
9 245
7 1019845102
9 607
5
6 1209364005
7 1106070492
5
2 1064753220
4
6 1115951511
4
8 1197195309
5
8 1231228775
8 1039048219
2 1253353952
4
5
1 1122973777
3
4
6 1101261958
6 1056424882
3
8 1097987459
4
3
9 504
5
8 1078593853
1 1139440537
8 1173897119
3
7 1112751310
8 1162359988
4
7 1044166201
5
8 1041060882
9 114
9 578
3
2 0
8 1141377125
5
3
9 101
6 1063728380
9 277
1 1085071140
7 1007544843
5
3
8 1144491588
1 1037147187
9 253
5
9 162
3
9 506
3
2 1036025722
5
2 1174676483
2 1118451425
4
5
4
3
5
8 1049015306
6 1117598972
3
9 371
6 1197971922
3
5
6 1255296042
8 1173013555
8 1218211547
7 1262855347
2 1126931172
3
9 515
2 1117587573
9 465
4
6 1114201669
4
2 0
7 1052929701
6 1058460228
8 1223482421
6 1026920021
4
7 1113599336
7 1166933553
1 1049602926
4
8 1313607398
1 1021484806
4
6 1070012553
3
2 1117949247
6 1029414706
7 1005131859
2 1104032271
4
3
7 1044476789
5
6 1184847615
7 1009792980
7 1038883605
6 1022349369
8 1035770747
4
3
4
2 1072401286
7 1166328806
6 1252648806
3
7 1153912924
8 1157486710
4
5
6 1004661773
7 1145174012
9 478
2 1225950195
9 285
1 1266649853
6 1080375489
5
2 1028229383
8 1237991880
6 1165218927
8 1096389306
4
6 1082300919
3
5
4
8 1226240274
2 0
7 1184450116
7 1003009282
5
4
3
4
7 1277208809
5
1 1005049444
9 356
8 1069069946
7 1040699884
4
6 1234859903
6 1016608603
8 1033897634
6 1184732893
9 189
7 1092798171
6 1181789618
2 0
2 0
8 1034487886
1 1042932992
9 353
5
6 1081531992
1 1065200413
5
7 1094178951
7 1044389277
2 1002421556
4
8 1207904874
7 1065503071
5
7 1071709920
8 1090375936
4
6 1105271855
5
9 166
1 1136400285
4
7 1102182280
9 175
3
4
6 1078841860
1 1114115745
3
9 107
8 1089971203
2 1178217172
3
8 1070814508
7 1071343745
1 1167911424
9 561
9 417
5
6 1060780527
9 241
7 1148801485
9 470
5
4
7 1221000096
6 1245128276
8 1037804439
2 1057774345
1 1200869214
1 1119072207
7 1023526017
5
1 1017324326
3
6 1059356069
1 1137516000
7 1034207506
5
2 1209849577
4
5
4
1 1021701266
8 1000102099
7 1044529972
3
2 1063877690
8 1021985083
4
3
6 1161146733
4
5
2 1072792394
3
8 1034285787
9 367
9 84
2 0
4
1 1015343464
2 0
7 1050384616
9 524
1 1193694583
9 125
7 1144625863
3
9 590
4
7 1300222383
1 1212851602
7 1070041631
3
4
5
6 1039849724
2 1033788655
9 58
8 1007176658
1 1263084218
6 1159903577
7 1196007418
4
5
8 1167819514
9 20
6 1073292513
3
5
8 1002388381
1 1049822559
1 1130275393
9 46
8 1031167642
2 1162216791
9 156
6 1069733341
9 530
6 1099751813
2 1253353952
2 1146068360
3
9 198
4
5
4
8 1029272257
9 578
8 1061799165
3
6 1193064651
4
5
8 1137492423
8 1054835821
1 1089449982
4
8 1221896000
4
9 572
8 1029220697
3
8 1278347836
5
2 1007543753
9 172
8 1133508536
8 1197024900
6 1047778460
7 1048540706
4
6 1247222063
1 1075534571
4
3
6 1006860722
8 1225078798
3
4
2 1001286734
6 1271877210
3
4
1 1229532031
8 1067554401
7 1017281471
7 1011563945
9 469
2 0
3
7 1042950793
9 518
4
7 1182536255
6 1049668478
7 1019291322
2 0
8 1121432678
6 1037334040
6 1120418842
4
8 1072562478
4
6 1279960857
3
7 1167074741
1 1224033139
6 1035890178
6 1014101208
9 42
4
6 1006042572
9 341
8 1114096232
8 1210200980
3
2 0
7 1210490703
7 1144954819
8 1103899700
1 1135797519
3
9 559
9 108
5
6 1167796621
7 1063772057
7 1030383998
4
2 1037147594
2 0
3
5
4
1 1077414521
7 1041761390
7 1121205624
4
2 1183416738
6 1009190407
6 1061875136
8 1146298833
8 1113204093
3
5
6 1092139499
8 1089412888
8 1211219994
2 0
4
3
4
7 1067240639
9 601
9 598
8 1005022588
2 0
5
2 0
7 1163811990
4
8 1166644174
6 1078283145
4
3
9 67
4
9 101
8 1082528495
4
9 282
8 1013105209
8 1143970425
9 36
4
9 627
2 1183409896
4
6 1108313403
7 1177907689
8 1118696678
9 244
6 1242701297
5
6 1028301857
6 1150120707
7 1124765745
7 1106912249
7 1043362634
5
4
5
6 1186995896
4
5
2 0
4
8 1065321255
6 1035835616
8 1282151214
7 1135334620
3
9 127
9 515
6 1112380405
8 1051041450
2 1066323509
6 1193254219
3
2 1193982157
9 404
2 1062869923
7 1125651508
8 1312546357
1 1050563703
3
7 1134637060
8 1007755513
5
7 1209167420
4
9 547
1 1114821607
5
3
7 1264296666
4
2 1309651697
4
7 1098385885
5
8 1014331153
7 1100632863
5
1 1276852237
4
7 1293840281
4
8 1168655032
5
4
9 621
5
6 1150200859
3
7 1032859165
2 1085071140
7 1119001774
1 1063701566
7 1051209899
2 0
3
6 1170266091
8 1191212730
1 1118726817
3
2 1013572551
7 1050121261
3
6 1269351310
8 1120238164
3
7 1160376712
2 1170202942
8 1102442717
2 0
6 1027451779
3
2 1183021991
3
1 1227300402
8 1113775519
7 1007382292
8 1108368439
9 612
9 637
4
2 1165426588
1 1083066407
5
7 1302600140
6 1032504883
2 1122553377
7 1011765491
5
2 1019644624
2 0
9 568
3
6 1001991140
6 1200861952
1 1009733333
3
7 1136128537
3
7 1225713799
8 1072352699
8 1059321734
4
8 1050131834
3
5
2 1049602926
4
5
3
6 1256237872
1 1048880361
2 0
7 1026353482
7 1025861487
7 1288905364
3
9 105
4
2 1009023447
3
7 1073465347
3
4
8 1079950174
4
1 1022304234
6 1098356612
1 1279632019
9 428
7 1089131004
5
3
7 1281742470
7 1118341438
1 1029133033
3
7 1229721942
4
6 1100872064
3
4
7 1077093925
7 1086723666
7 1027200496
2 1051155251
8 1013173458
8 1102326808
6 1168768310
2 0
9 576
9 472
3
6 1143093762
2 1004235676
8 1264332127
2 1072792394
8 1082003301
9 564
3
8 1118799201
1 1015447304
4
2 1226786854
6 1103380136
2 1042052579
7 1102671667
7 1100622358
4
3
4
8 1120956489
3
7 1170098216
4
6 1047225265
5
9 439
8 1250146440
3
5
9 441
3
4
2 1035325452
8 1200741984
8 1014707120
6 1043388111
6 1089034750
4
2 1127796934
2 1032849479
7 1055624920
2 0
1 1027783314
7 1131819180
3
7 1222075584
3
9 386
8 1017434738
1 1091684449
9 555
5
7 1180604030
2 1030177324
4
7 1019507090
4
5
7 1072187134
1 1116612439
5
4
7 1010482065
4
3
7 1064390304
1 1161886704
5
3
2 0
7 1112968069
5
6 1257329832
8 1178381456
7 1166631554
4
9 492
4
7 1024042204
5
8 1017286785
5
9 507
2 1040131719
9 99
9 182
6 1221754009
1 1004874790
5
2 1124296137
7 1152526415
2 1009733333
5
7 1130575950
1 1025271463
3
6 1188306081
4
9 598
2 1093843934
7 1165430643
9 196
4
5
4
3
7 1019709491
2 1018329568
9 190
5
1 1054206534
5
3
2 1145013291
5
7 1054992184
9 562
9 521
4
5
3
4
5
7 1007560804
9 586
4
6 1002827801
5
4
9 465
1 1272027393
6 1160035549
2 1232337350
6 1030139036
9 643
6 1119225110
5
8 1208132765
9 202
2 1130401139
3
4
2 1268978180
7 1074573716
5
8 1277901968
3
5
1 1063145119
6 1038986613
7 1265497612
7 1258956129
6 1067914540
4
5
4
8 1126353959
6 1106352648
9 134
6 1237383007
7 1003922309
5
6 1058635250
3
8 1008277741
5
9 463
5
2 1177871128
9 596
3
7 1071064636
3
9 413
1 1069567135
4
3
1 1117347814
7 1069531903
4
6 1042450134
2 1010406163
5
6 1199474993
8 1087561685
2 1129774632
6 1302230335
7 1213520629
9 470
9 592
9 118
5
4
8 1137120418
7 1056130267
1 1128057543
5
8 1236023231
6 1014702393
1 1149014553
5
9 393
2 1085133085
6 1150055249
7 1054526658
9 455
7 1180818599
3
9 654
2 1155487282
6 1235764224
2 0
8 1031134090
8 1197369894
9 503
8 1048589712
5
7 1194320856
3
7 1306290783
1 1189232310
7 1030301266
2 1098833443
3
7 1195705136
9 183
1 1143226187
9 303
2 0
4
7 1277977222
7 1025550262
3
2 1129774632
5
4
9 644
8 1095124328
5
2 1062869923
8 1125088715
7 1223318102
9 361
5
4
7 1048382630
5
8 1160944157
5
4
6 1088504867
5
2 1021701266
9 580
9 143
5
4
2 1145013291
7 1289958992
6 1153696701
7 1072478077
2 0
5
2 0
2 1150394221
2 0
3
6 1083454462
2 1135708075
3
4
7 1039526458
2 1144404879
7 1185417409
2 1058181299
6 1017520714
4
7 1039480769
4
7 1057586327
3
9 542
3
8 1106183698
2 0
5
6 1073002260
3
7 1070750475
8 1013009119
4
2 1240370234
3
4
3
2 1152577140
1 1101300741
5
9 403
4
1 1077023119
3
2 1111093778
6 1197987221
6 1139887420
2 0
1 1009179481
2 1055368494
5
7 1060539188
8 1279211169
2 0
3
8 1069171678
2 1072900332
3
6 1131743228
4
6 1039215599
2 0
9 223
9 385
2 0
3
2 0
7 1196860507
4
5
2 1072585499
6 1152412457
5
2 0
8 1142266764
7 1101422084
7 1298493264
6 1132465109
2 0
2 0
4
3
4
7 1103292122
7 1011973352
9 454
5
3
7 1285501947
9 99
4
6 1159274027
3
5
8 1087168040
8 1104837220
8 1177063602
6 1063259314
8 1306707092
4
7 1006149079
2 1244793318
6 1193510486
5
3
8 1269894795
1 1089474331
9 153
3
5
8 1173521875
5
6 1115963039
7 1021914694
4
9 656
9 290
2 1255993703
6 1132412572
7 1094562282
8 1249086254
3
2 1218143567
4
6 1229199302
7 1054902925
6 1194953540
8 1155387502
3
9 322
5
3
9 255
8 1043096526
7 1187088700
8 1032635814
6 1117943468
8 1270251521
7 1157380906
9 313
9 243
6 1138027856
2 1072792394
7 1150424157
2 0
2 0
8 1032280892
5
6 1123165933
3
8 1132278993
1 1076351225
2 0
6 1020212267
9 414
3
7 1001079810
5
9 463
9 461
6 1053849341
7 1193066372
1 1287296283
4
1 1270061469
2 1119919742
2 1088299033
6 1045029074
6 1200703384
3
6 1092827099
4
5
3
8 1183655562
3
4
2 1001286734
4
6 1021400868
7 1060431357
6 1281252282
6 1163070140
7 1099200446
6 1090074438
9 535
9 556
1 1043679569
4
1 1101338297
4
8 1104213127
6 1187436625
6 1204008492
4
7 1051903893
1 1135501912
1 1070392929
4
7 1106861901
3
4
9 51
8 1167916835
4
5
1 1019552519
3
6 1005772326
4
2 1048510215
3
7 1060173628
3
4
7 1072141925
9 482
6 1166253761
9 166
6 1177592174
1 1198436299
8 1151110436
9 20
4
6 1078957396
9 12
2 1080821119
8 1081953810
1 1051062090
7 1011026416
8 1011093034
9 368
5
8 1038414998
6 1077398259
7 1142309994
1 1047251478
5
6 1018326385
5
9 626
7 1214241011
4
2 0
5
2 1148759337
1 1158822083
9 321
4
2 1170204369
1 1160715871
1 1016274358
5
3
1 1139866899
9 661
3
2 1010770390
4
6 1275881957
3
7 1049124537
4
2 1020266466
6 1010109009
8 1067197218
1 1040337558
9 599
9 486
7 1197127128
4
3
8 1178589274
9 321
8 1162225318
4
5
6 1031625320
3
5
3
7 1060364306
8 1229905379
3
6 1075321881
7 1020697331
5
8 1036691311
5
8 1055255671
5
4
5
4
6 1092511867
6 1109236733
5
4
5
8 1078030448
3
1 1057987202
2 0
9 479
5
2 1108374919
9 29
2 0
9 231
8 1004676211
5
7 1161017866
6 1134145874
5
2 0
9 503
6 1271340532
2 0
3
6 1113480519
5
4
3
9 274
2 1085133085
6 1128537771
7 1010440736
9 211
7 1135052723
1 1082121005
5
7 1041420708
4
5
6 1160365835
6 1043239322
6 1089335659
2 1075596201
6 1158492148
8 1126124699
2 1021484806
8 1101685978
3
5
3
4
8 1087185517
2 1001808059
7 1009483913
9 222
1 1208625606
3
5
3
5
8 1083488736
7 1040019543
7 1115707562
1 1043658678
9 449
6 1143436960
2 1224366633
9 253
5
8 1072084438
7 1128552160
9 255
5
9 164
4
1 1028190827
7 1006566463
3
8 1015382449
7 1046957218
8 1115571938
3
6 1004214929
7 1071410496
2 1163730769
2 1025176282
5
6 1245244015
8 1010930530
7 1151948240
8 1048240395
8 1197726687
3
6 1291862214
4
6 1232893371
3
7 1093568556
3
8 1067335684
8 1010499235
7 1055848386
5
2 1178221340
5
8 1066742155
5
6 1084246033
7 1059160008
8 1139989583
8 1058016229
5
8 1158264734
6 1222419621
9 161
6 1096575442
6 1008104813
3
2 0
2 1255993703
3
5
7 1032540403
6 1058843130
9 386
4
2 1115338614
8 1027587592
9 118
2 1019750198
7 1024535892
5
6 1024793217
3
9 260
1 1082519652
3
9 39
8 1082381954
9 369
4
3
4
5
8 1091810844
9 474
7 1132041339
4
9 259
3
4
1 1123960958
7 1259450942
6 1077641895
4
3
5
3
9 338
4
5
1 1238578187
2 1057774345
5
6 1175189609
1 1151800889
5
9 323
2 1153763331
5
1 1143268392
1 1211389730
8 1054879711
3
7 1115000988
3
6 1095117013
1 1229174213
1 1174193121
4
3
9 566
3
9 216
7 1132682935
8 1011082026
7 1186504714
7 1063699718
5
4
1 1226716485
8 1098049283
3
1 1148571159
4
6 1087548431
6 1184681422
8 1064337351
5
8 1033446580
7 1105275574
6 1150754281
1 1025721915
2 0
5
1 1105489467
5
2 1027704397
4
2 1244465767
2 1076057122
9 556
3
5
1 1137112020
6 1020338082
5
7 1175813025
7 1172123657
7 1116357086
5
3
6 1020164003
5
4
3
6 1043760581
3
9 32
2 1164433408
8 1138110043
9 508
3
5
6 1079513511
2 1012731044
9 671
2 1237255001
2 1168295614
4
3
6 1080587769
1 1194800041
2 1049822559
8 1073755723
6 1008803523
4
3
7 1190836783
5
3
7 1168942891
7 1068781869
4
1 1187704912
2 1049937884
4
6 1157206258
3
7 1118439200
1 1163897547
8 1033499363
8 1006646260
5
8 1144748426
4
8 1051010239
3
6 1048454241
8 1182747639
6 1167449681
1 1114596678
1 1159339736
5
1 1074314634
2 1139940148
3
8 1220383618
7 1047617844
9 500
9 608
3
5
2 0
1 1119940184
7 1029113349
2 0
8 1031841513
6 1004027085
4
1 1225899670
8 1025711561
9 236
5
4
7 1056947503
9 45
4
3
7 1068350711
9 453
1 1151019833
3
6 1105828996
3
6 1073556447
9 444
5
1 1134288854
5
4
6 1181106413
7 1113292722
1 1004515684
1 1124082340
6 1022338485
8 1060177497
9 6
8 1244931356
1 1184398681
6 1034891153
5
1 1043341028
4
6 1255048260
2 1063813489
8 1024814121
7 1051141689
4
9 107
5
4
9 463
6 1263626389
2 1204422478
7 1063462517
3
9 623
8 1008099583
2 1222048655
8 1091424510
3
8 1074864500
7 1022193468
8 1006459053
9 328
2 1244465767
3
7 1072213129
8 1127576679
5
7 1193911457
4
1 1067163106
4
6 1006179910
7 1204353992
1 1049732671
4
8 1053957396
3
9 575
9 345
8 1111625625
1 1092390653
2 1086552008
5
7 1130432791
6 1216071965
6 1062247062
5
6 1117926345
3
6 1068578570
4
5
6 1012933634
8 1103840370
2 1114596678
5
1 1077310780
8 1185637400
8 1019492188
6 1139845869
9 98
7 1062109955
8 1190468693
3
5
3
6 1092398254
6 1172584236
2 1178221340
2 0
9 189
9 82
8 1125197074
3
8 1172493284
9 344
3
8 1139185854
2 1091684449
7 1282498244
7 1176531047
9 592
9 538
8 1115982166
3
9 200
8 1039830595
1 1086187971
3
9 224
8 1160456952
3
2 0
1 1150157089
2 1242880752
7 1277577236
2 1041562301
3
2 1055273283
2 1144404879
9 43
6 1131823677
5
3
4
2 0
1 1242088244
1 1179133016
3
4
3
8 1023252126
5
6 1158533313
5
2 1128756501
8 1121489808
3
6 1008499826
6 1006243912
9 118
9 151
2 1252282058
3
4
5
6 1148083372
9 681
8 1027460221
1 1005601064
9 629
2 1103249239
7 1064477924
7 1144465704
6 1110984132
2 1076792827
7 1032125875
8 1106678245
7 1207816050
4
3
9 708
5
3
5
6 1247858431
2 1017225167
3
5
4
6 1119374367
6 1195531010
9 577
2 1199270407
7 1100426508
7 1152437244
5
6 1012260622
5
7 1052813633
3
1 1222773339
7 1062157173
4
7 1019044064
2 0
4
3
6 1195459876
2 1043817892
6 1018669798
7 1120719359
6 1150327511
1 1016278653
8 1036610714
9 85
6 1091953257
4
7 1051601908
1 1074133594
7 1210631393
7 1112448273
2 1015919990
2 0
4
8 1079260205
1 1128621064
3
6 1173811304
9 682
4
7 1043106088
5
8 1162552953
9 530
5
8 1125109234
4
1 1250618503
2 0
8 1231463311
8 1199045061
4
6 1108960943
6 1233663000
7 1148016285
7 1102764504
2 1072592447
6 1125322218
7 1103467044
4
7 1118239401
8 1199712041
6 1009467169
5
9 10
9 205
8 1037907618
8 1038966548
3
9 553
5
9 311
2 1310763698
1 1083194940
1 1157226056
8 1141961834
2 0
5
4
1 1115371799
1 1280014051
6 1000429917
7 1007741876
7 1091530889
3
1 1119442223
6 1107894335
2 1115371799
9 321
5
2 1237255001
6 1010580132
5
4
2 0
3
8 1116817557
3
5
7 1256971544
1 1015758728
3
6 1071225502
4
8 1022162433
7 1263657520
3
7 1181087030
6 1189619917
4
5
1 1075343732
4
3
7 1006158309
2 1204010422
2 1027970486
1 1242945729
3
9 43
5
2 0
6 1134149586
8 1028697411
9 294
3
2 1047949395
6 1162314668
2 1065331386
5
7 1302522188
2 1031329834
5
3
6 1115357331
2 1043817892
3
8 1004609552
1 1010244303
5
6 1099401440
5
3
4
5
2 1224366633
3
6 1110391746
6 1027588344
1 1222197843
5
6 1059074663
7 1099460864
5
3
2 1041563023
3
2 1034539196
9 457
8 1000580475
7 1219285226
2 1118860556
2 1139309403
6 1271148396
8 1232794016
3
2 1198436299
2 0
3
2 1040337558
1 1176365820
1 1218324379
6 1153354363
6 1104357441
9 590
9 571
8 1146638282
7 1035121613
3
5
8 1025012171
4
8 1059372113
6 1057175704
3
4
7 1113549256
2 0
4
9 477
3
2 1054402471
2 1118860556
9 595
4
6 1094800426
3
2 1051062090
9 610
2 1019644624
5
9 674
4
2 1195390509
1 1022446455
3
5
6 1105897711
3
7 1140180289
3
7 1013321604
2 0
6 1071107339
9 338
9 355
3
7 1090317411
8 1016642175
9 741
5
8 1119912133
4
2 1036025722
1 1057172281
5
8 1186310950
5
2 1003081820
5
8 1113232394
6 1111902046
3
7 1134736077
6 1106091860
6 1056151215
6 1145565395
2 1005519561
5
6 1056796293
3
8 1021291161
7 1036771443
4
9 724
6 1253856836
4
3
7 1128071341
2 0
6 1013476669
4
2 1015335684
4
1 1206204075
3
8 1016109240
6 1162632188
9 64
3
9 707
2 0
5
8 1004785064
3
7 1065836454
9 319
2 0
6 1027001138
6 1149573124
1 1226357990
9 9
8 1047737998
3
4
2 0
9 489
4
5
7 1040350582
1 1182292547
1 1202006643
1 1004890142
5
8 1070562634
8 1110968426
9 490
7 1140967875
8 1037009075
1 1071771734
4
8 1069713786
5
2 1090547699
8 1074317093
5
9 401
5
1 1128206656
7 1113937682
5
8 1002253287
2 1002383132
9 546
9 393
2 0
2 1004024471
1 1087376335
8 1051324128
9 457
7 1014602108
8 1042715781
2 1015507926
6 1005023950
6 1126388934
6 1036300865
3
4
2 0
5
6 1023420407
3
8 1171044689
8 1118342904
9 556
8 1015688394
7 1254831146
8 1193175198
3
8 1007172087
5
6 1040180909
6 1077202513
8 1134859343
5
4
9 602
9 710
8 1067570319
2 1083544017
7 1109167379
8 1091930362
7 1105102750
9 193
9 674
8 1161318430
2 1110760696
5
3
5
6 1205485820
3
5
3
8 1052195644
6 1215955970
5
1 1170146740
5
4
5
2 0
3
7 1056913151
3
5
7 1219159861
7 1124233525
8 1050698171
3
9 680
6 1048468892
6 1083525176
4
6 1105016533
6 1153020503
8 1133710555
8 1307093283
6 1067227677
2 1242945729
9 382
1 1202348134
5
3
8 1002903733
3
7 1068394996
9 606
1 1138893385
4
7 1006726399
6 1023171068
8 1092540007
8 1157110469
8 1108322420
3
2 1004229386
9 382
5
2 1021495085
4
6 1085897840
8 1000241556
4
8 1039303898
6 1153326062
8 1238982223
7 1154670082
3
7 1116058006
1 1006431221
4
8 1001838594
8 1206333038
9 264
2 0
4
2 1047211034
5
6 1277831582
9 84
2 0
6 1039554901
5
4
9 752
2 1015388791
8 1086231090
4
6 1003486013
8 1157390487
2 1242945729
5
8 1136080860
5
3
4
2 1158826971
7 1215337064
1 1171805580
9 606
7 1207051813
1 1003222309
7 1073257665
9 222
6 1048888728
3
9 462
6 1014481716
9 248
2 0
9 683
3
4
3
8 1069749829
5
7 1120505630
5
3
4
5
8 1040507251
5
9 491
8 1052792782
8 1276454040
9 181
4
6 1240223683
5
7 1172756170
7 1087435151
1 1064970346
5
7 1178563688
4
8 1070260437
3
2 1118726817
6 1236255878
5
8 1097862009
9 758
3
1 1055391114
8 1121374798
4
8 1056790285
2 0
3
4
3
9 253
9 536
6 1264432964
9 274
1 1029172299
9 109
5
9 228
3
5
3
7 1096812327
9 361
1 1000130937
6 1118794238
5
4
5
4
6 1119515203
1 1073262211
9 737
8 1081958698
5
8 1179742401
6 1031853800
8 1244578178
9 716
4
1 1063097994
6 1007092820
6 1053167043
8 1104995642
1 1201901725
3
2 1013702070
4
9 651
3
2 1061558566
3
1 1089305007
9 280
4
5
1 1103555808
8 1087158220
2 1145255128
7 1130994927
4
5
1 1127978980
5
6 1257885722
4
7 1095385013
5
4
7 1001583468
1 1026940525
1 1135549752
3
4
8 1116375795
9 276
4
8 1045415539
7 1210790631
9 318
5
3
4
3
8 1141901442
9 317
6 1006600317
6 1158341911
6 1277246815
8 1070137768
9 528
5
4
7 1018340359
4
8 1011536218
2 1242472190
4
6 1157878786
6 1056101657
2 1135549752
5
8 1024151255
4
2 1090268684
3
4
2 1099750414
8 1156476401
3
4
1 1201564651
4
8 1000464559
7 1212446317
8 1128884935
7 1021344608
8 1062390642
9 196
4
1 1049098672
9 48
9 310
6 1134666214
4
8 1053008908
6 1206786813
7 1082620141
6 1140356719
4
8 1214200917
8 1084720256
9 527
2 1046517220
7 1095474750
3
5
7 1148681806
3
4
3
5
3
6 1245233921
7 1043005962
5
8 1220700143
4
7 1028603385
9 715
2 1008254465
3
6 1070450679
4
1 1009505822
6 1150836168
3
6 1114281384
4
7 1205424834
5
3
7 1121380798
5
6 1196855462
9 225
2 1077293906
7 1229773881
5
3
4
7 1013050609
6 1157131343
5
7 1098790630
2 1108374919
8 1118645150
4
2 0
6 1053482803
8 1043843252
6 1175281656
5
4
8 1076830844
1 1206252866
4
1 1073539193
9 395
6 1119166840
5
9 84
7 1079475065
2 1171584518
9 677
3
2 0
8 1017260588
7 1081151413
8 1094307194
7 1042784376
6 1099013642
6 1200621218
7 1176697810
5
1 1144096487
4
8 1071240002
8 1206168067
8 1054616768
5
3
1 1082033842
3
5
3
8 1141408275
9 377
5
6 1158718284
5
3
4
1 1026649766
8 1312935125
3
4
3
4
5
7 1059964421
3
5
3
2 0
2 1218324379
4
6 1183864448
3
5
9 650
9 623
9 193
3
4
7 1050777763
5
3
6 1009699112
3
9 668
2 1028190827
4
6 1139245520
6 1075239039
9 531
4
1 1170711465
7 1103256795
1 1139923301
4
3
5
3
5
6 1301143543
2 0
9 289
8 1164161101
9 728
5
2 0
3
6 1242945747
8 1147591478
7 1284202003
9 270
6 1225467360
2 1015758728
9 750
9 655
1 1229146139
4
7 1262764701
6 1100599702
8 1113386767
4
2 1282727519
9 304
9 72
1 1206630264
5
3
8 1165877051
2 0
4
2 1162216791
9 701
1 1022789594
5
6 1027315817
4
1 1061866260
4
8 1175414672
6 1082790991
9 68
1 1213304608
8 1148988004
4
5
1 1133095838
4
5
4
3
1 1067235614
8 1145404849
1 1044875216
2 1201564651
1 1031821121
2 1054610127
7 1089789427
3
7 1092795343
3
8 1135020947
7 1068276953
3
8 1140580727
6 1231588893
8 1104511728
4
7 1137545742
1 1095312357
3
2 1173033822
6 1085433120
5
9 78
6 1076423132
2 1009023447
7 1244291027
6 1056717892
8 1205880065
8 1226228294
6 1032839818
4
8 1106066656
8 1119989293
9 636
3
4
7 1061518087
9 641
9 213
5
4
9 783
5
6 1056373589
4
2 0
8 1003937251
6 1212630471
8 1165323133
7 1136516761
6 1008034237
3
9 614
9 226
5
6 1023851489
1 1208727694
8 1053760767
5
9 640
1 1078680565
7 1133376187
9 625
5
3
6 1205059744
3
5
9 194
9 557
6 1079564989
7 1068579741
2 1218668469
8 1197092462
5
2 0
7 1128630089
1 1084723720
7 1086079593
8 1052596204
8 1175174120
8 1063114950
8 1100592185
3
1 1029194766
2 1129166902
3
8 1186359623
6 1018727025
4
6 1073639148
9 514
3
7 1040100728
4
1 1314425142
2 1128756501
8 1104410110
6 1039854188
3
7 1169151499
3
6 1021824398
3
7 1062606235
9 756
2 0
4
7 1120938033
2 1000451848
3
4
9 28
3
4
1 1174025078
3
8 1028952448
8 1113643644
9 759
2 1237255001
8 1247654110
5
7 1140844386
3
5
4
5
8 1203568450
5
4
8 1004493633
3
4
9 304
6 1013015892
1 1292868848
1 1203121321
4
7 1218322568
7 1051632014
1 1041427114
6 1241231241
4
6 1234720849
4
6 1020979915
1 1004266115
6 1005237400
5
2 1017225167
9 201
8 1021510576
3
5
2 1132643772
9 470
7 1002634049
5
8 1155399753
6 1308387648
9 183
9 245
4
7 1233326302
6 1040851226
8 1056115315
8 1050788110
6 1022780574
6 1003601795
8 1065219587
7 1135004211
5
4
7 1292430543
2 1061104623
8 1034398332
5
4
7 1093043337
1 1114486854
5
3
8 1253315461
7 1138065066
9 774
